  -0.000040257815   -0.000110262955   -0.000177343495    0.000239414401    0.156556753987    1.051047839100    0.000000000000   -0.000000000000   -0.000068113629   -0.000000000000   -0.000000000000   -0.007723072147   -0.000000000000   -0.000000000000   -2.468684815343   -0.000000000000    0.000000000000    0.000626996212    0.000000000000   -0.000000000000   -0.000000000000    0.000000000000    0.919629859340    0.000000000000   -0.000000000000    0.000000000000    0.000000000000   -0.000000000000   -0.000098762342    0.000000000000    0.000000000000   -0.000000000000
  -0.000110262998   -0.000301931783   -0.000484305321    0.000654629887    0.129971364927    0.870159704677    0.000000000000   -0.000000000000   -0.000194010236   -0.000000000000   -0.000000000000   -0.006651755596   -0.000000000000   -0.000000000000   -2.041458034839   -0.000000000000    0.000000000000    0.001186143302    0.000000000000   -0.000000000000   -0.000000000000    0.000000000000    0.752625013948    0.000000000000   -0.000000000000    0.000000000000    0.000000000000   -0.000000000000   -0.000250174164    0.000000000000    0.000000000000   -0.000000000000
  -0.000177343900   -0.000484306241   -0.000759434271    0.000980696571    0.002217167491    0.100126076705    0.000000000000   -0.000000000000   -0.000352399807   -0.000000000000   -0.000000000000    0.006769153476   -0.000000000000   -0.000000000000   -0.255453983462   -0.000000000000    0.000000000000   -0.000163208258    0.000000000000   -0.000000000000   -0.000000000000    0.000000000000    0.031109107352    0.000000000000   -0.000000000000    0.000000000000    0.000000000000   -0.000000000000    0.000407532289    0.000000000000    0.000000000000   -0.000000000000
   0.000239414912    0.000654631020    0.000980696284   -0.002384659739   -0.058922528763   -0.145747352726   -0.000000000000    0.000000000000    0.001274086252    0.000000000000    0.000000000000    0.027674841388   -0.000000000000    0.000000000000    0.267304977098    0.000000000000   -0.000000000000   -0.010232291126   -0.000000000000    0.000000000000    0.000000000000   -0.000000000000   -0.187437128545   -0.000000000000    0.000000000000   -0.000000000000   -0.000000000000    0.000000000000    0.005958734447   -0.000000000000   -0.000000000000    0.000000000000
   0.156556774223    0.129971413889    0.002217250775   -0.058922537260   -0.164111929517   -0.278629359084   -0.000000000000    0.000000000000    0.072459252583   -0.000000000000    0.000000000000    0.106290444574   -0.000000000000    0.000000000000    0.404508465097    0.000000000000   -0.000000000000   -0.051714953873    0.000000000000    0.000000000000    0.000000000000   -0.000000000000   -0.202472385700    0.000000000000    0.000000000000   -0.000000000000   -0.000000000000    0.000000000000    0.010936493549   -0.000000000000   -0.000000000000    0.000000000000
   1.051047906305    0.870159854123    0.100126385881   -0.145747254673   -0.278629601576   -0.311117562069   -0.000000000000    0.000000000000    0.125037243305   -0.000000000000    0.000000000000    0.131306677440   -0.000000000000    0.000000000000    0.287408130155    0.000000000000   -0.000000000000   -0.029808112888    0.000000000000    0.000000000000    0.000000000000   -0.000000000000   -0.140451571056    0.000000000000    0.000000000000   -0.000000000000   -0.000000000000    0.000000000000    0.005689304714   -0.000000000000   -0.000000000000    0.000000000000
   0.000000000000    0.000000000000    0.000000000000   -0.000000000000   -0.000000000000   -0.000000000000    0.000130741737    0.000000000000   -0.000000000000   -0.003286227749    0.000000000000    0.000000000000   -0.102485310108    0.000000000000    0.000000000000    0.000000000000   -0.000000000000    0.000000000000    0.000605209984   -0.000000000000    0.000000000000   -0.000000000000   -0.000000000000    0.085527645366   -0.000000000000    0.000000000000    0.000000000000    0.000000000000    0.000000000000   -0.001273472627    0.000000000000    0.000000000000
   0.000000000000    0.000000000000    0.000000000000   -0.000000000000   -0.000000000000    0.000000000000    0.000000000000    0.000130741737   -0.000000000000    0.000000000000   -0.003286227749    0.000000000000    0.000000000000   -0.102485310108   -0.000000000000    0.000000000000    0.000605209984   -0.000000000000   -0.000000000000   -0.000000000000    0.000000000000    0.085527645366    0.000000000000   -0.000000000000   -0.000000000000    0.000000000000   -0.000000000000   -0.001273472627   -0.000000000000    0.000000000000    0.000000000000   -0.000000000000
   0.000068110991    0.000194002893    0.000352386903   -0.001274069466   -0.072459169117   -0.125037185154    0.000000000000    0.000000000000    0.000428664565   -0.000000000000   -0.000000000000    0.033550178293   -0.000000000000   -0.000000000000    0.199754074566    0.000000000000    0.000000000000   -0.009260098608   -0.000000000000    0.000000000000    0.000000000000    0.000000000000   -0.288903731604    0.000000000000    0.000000000000   -0.000000000000   -0.000000000000   -0.000000000000    0.006882235703    0.000000000000   -0.000000000000   -0.000000000000
   0.000000000000    0.000000000000    0.000000000000   -0.000000000000   -0.000000000000   -0.000000000000   -0.003286234009    0.000000000000    0.000000000000   -0.013822101737    0.000000000000    0.000000000000   -0.086551017451    0.000000000000    0.000000000000   -0.000000000000   -0.000000000000   -0.000000000000    0.014591450047    0.000000000000   -0.000000000000   -0.000000000000   -0.000000000000    0.079648751430    0.000000000000    0.000000000000   -0.000000000000    0.000000000000   -0.000000000000   -0.009928272337    0.000000000000    0.000000000000
  -0.000000000000   -0.000000000000   -0.000000000000    0.000000000000    0.000000000000    0.000000000000    0.000000000000   -0.003286234009   -0.000000000000    0.000000000000   -0.013822101737    0.000000000000    0.000000000000   -0.086551017451   -0.000000000000   -0.000000000000    0.014591450047    0.000000000000   -0.000000000000   -0.000000000000   -0.000000000000    0.079648751430    0.000000000000   -0.000000000000   -0.000000000000    0.000000000000   -0.000000000000   -0.009928272337   -0.000000000000    0.000000000000    0.000000000000   -0.000000000000
   0.007723094944    0.006651816840   -0.006769058666   -0.027674946757   -0.106291103270   -0.131307448858   -0.000000000000    0.000000000000    0.033550233926   -0.000000000000    0.000000000000    0.090188860421   -0.000000000000    0.000000000000    0.154179909215    0.000000000000   -0.000000000000   -0.056963554661    0.000000000000    0.000000000000    0.000000000000   -0.000000000000   -0.191140831660    0.000000000000    0.000000000000   -0.000000000000   -0.000000000000    0.000000000000    0.026833530420   -0.000000000000   -0.000000000000    0.000000000000
  -0.000000000000   -0.000000000000   -0.000000000000   -0.000000000000   -0.000000000000   -0.000000000000   -0.102485266864   -0.000000000000    0.000000000000   -0.086550936221    0.000000000000    0.000000000000   -0.025572269343    0.000000000000    0.000000000000   -0.000000000000    0.000000000000   -0.000000000000    0.047067159027    0.000000000000   -0.000000000000   -0.000000000000    0.000000000000    0.017657490649    0.000000000000    0.000000000000   -0.000000000000    0.000000000000   -0.000000000000   -0.004886157485    0.000000000000    0.000000000000
  -0.000000000000   -0.000000000000   -0.000000000000    0.000000000000    0.000000000000    0.000000000000   -0.000000000000   -0.102485266864   -0.000000000000    0.000000000000   -0.086550936221    0.000000000000    0.000000000000   -0.025572269343   -0.000000000000   -0.000000000000    0.047067159027   -0.000000000000    0.000000000000    0.000000000000   -0.000000000000    0.017657490649    0.000000000000   -0.000000000000    0.000000000000    0.000000000000    0.000000000000   -0.004886157485    0.000000000000    0.000000000000   -0.000000000000   -0.000000000000
   2.468684983303    2.041458416302    0.255454774355   -0.267304876500   -0.404510471395   -0.287410517644   -0.000000000000    0.000000000000    0.199754030052   -0.000000000000    0.000000000000    0.154179865015   -0.000000000000    0.000000000000    0.044884757631   -0.000000000000    0.000000000000   -0.013858791172    0.000000000000   -0.000000000000   -0.000000000000    0.000000000000   -0.060411600828    0.000000000000   -0.000000000000   -0.000000000000   -0.000000000000   -0.000000000000    0.002418840210   -0.000000000000   -0.000000000000    0.000000000000
  -0.000000000000   -0.000000000000   -0.000000000000    0.000000000000    0.000000000000    0.000000000000    0.000000000000    0.000000000000    0.000000000000   -0.000000000000    0.000000000000   -0.000000000000   -0.000000000000    0.000000000000   -0.000000000000   -0.000249711175    0.000000000000    0.000000000000    0.000000000000    0.000000000000   -0.015453799392   -0.000000000000    0.000000000000    0.000000000000    0.000000000000    0.000000000000    0.001830479356    0.000000000000   -0.000000000000    0.000000000000   -0.000000000000    0.000000000000
  -0.000000000000   -0.000000000000   -0.000000000000    0.000000000000   -0.000000000000   -0.000000000000   -0.000000000000   -0.000605216202   -0.000000000000    0.000000000000   -0.014591426026    0.000000000000    0.000000000000   -0.047067137585    0.000000000000   -0.000000000000    0.007290724207    0.000000000000    0.000000000000   -0.000000000000    0.000000000000    0.080921810426   -0.000000000000   -0.000000000000    0.000000000000    0.000000000000    0.000000000000   -0.011347391204    0.000000000000    0.000000000000    0.000000000000   -0.000000000000
   0.000626996883    0.001186144793   -0.000163208079   -0.010232289764   -0.051714960816   -0.029808073060   -0.000000000000    0.000000000000    0.009260110636   -0.000000000000   -0.000000000000    0.056963516123   -0.000000000000   -0.000000000000    0.013858613432    0.000000000000   -0.000000000000   -0.029158568745    0.000000000000    0.000000000000    0.000000000000    0.000000000000   -0.087939932592    0.000000000000    0.000000000000   -0.000000000000   -0.000000000000   -0.000000000000    0.024058708279    0.000000000000   -0.000000000000   -0.000000000000
   0.000000000000    0.000000000000    0.000000000000   -0.000000000000   -0.000000000000   -0.000000000000   -0.000605216202   -0.000000000000    0.000000000000   -0.014591426026    0.000000000000    0.000000000000   -0.047067137585    0.000000000000    0.000000000000    0.000000000000    0.000000000000   -0.000000000000    0.007290724207   -0.000000000000   -0.000000000000   -0.000000000000   -0.000000000000    0.080921810426   -0.000000000000    0.000000000000   -0.000000000000    0.000000000000   -0.000000000000   -0.011347391204   -0.000000000000    0.000000000000
  -0.000000000000   -0.000000000000   -0.000000000000    0.000000000000    0.000000000000    0.000000000000    0.000000000000   -0.000000000000    0.000000000000    0.000000000000   -0.000000000000   -0.000000000000    0.000000000000   -0.000000000000   -0.000000000000   -0.000000000000    0.000000000000    0.000000000000   -0.000000000000   -0.000249711175   -0.000000000000    0.000000000000    0.000000000000   -0.000000000000   -0.015453799392   -0.000000000000    0.000000000000    0.000000000000   -0.000000000000    0.000000000000    0.001830479356   -0.000000000000
  -0.000000000000   -0.000000000000   -0.000000000000    0.000000000000    0.000000000000    0.000000000000    0.000000000000    0.000000000000    0.000000000000   -0.000000000000    0.000000000000   -0.000000000000   -0.000000000000   -0.000000000000   -0.000000000000   -0.015453807156    0.000000000000    0.000000000000   -0.000000000000    0.000000000000   -0.005341796465    0.000000000000    0.000000000000   -0.000000000000    0.000000000000    0.000000000000    0.007241392394    0.000000000000   -0.000000000000    0.000000000000   -0.000000000000    0.000000000000
  -0.000000000000   -0.000000000000   -0.000000000000    0.000000000000    0.000000000000    0.000000000000   -0.000000000000   -0.085527627223   -0.000000000000    0.000000000000   -0.079648726310    0.000000000000    0.000000000000   -0.017657595172    0.000000000000   -0.000000000000    0.080921805924   -0.000000000000    0.000000000000   -0.000000000000   -0.000000000000   -0.015244568979    0.000000000000   -0.000000000000   -0.000000000000    0.000000000000    0.000000000000   -0.010760743990    0.000000000000    0.000000000000    0.000000000000   -0.000000000000
   0.919629919284    0.752625148647    0.031109406129   -0.187437001579   -0.202472823298   -0.140452026137   -0.000000000000   -0.000000000000    0.288903614924   -0.000000000000   -0.000000000000    0.191140561957   -0.000000000000   -0.000000000000    0.060411153374   -0.000000000000    0.000000000000   -0.087939892218    0.000000000000   -0.000000000000   -0.000000000000    0.000000000000    0.026303571294    0.000000000000   -0.000000000000   -0.000000000000   -0.000000000000    0.000000000000   -0.007551881136   -0.000000000000   -0.000000000000   -0.000000000000
   0.000000000000    0.000000000000   -0.000000000000   -0.000000000000   -0.000000000000   -0.000000000000   -0.085527627223   -0.000000000000    0.000000000000   -0.079648726310    0.000000000000    0.000000000000   -0.017657595172    0.000000000000    0.000000000000   -0.000000000000    0.000000000000   -0.000000000000    0.080921805924    0.000000000000   -0.000000000000   -0.000000000000   -0.000000000000   -0.015244568979   -0.000000000000    0.000000000000   -0.000000000000    0.000000000000   -0.000000000000   -0.010760743990   -0.000000000000    0.000000000000
  -0.000000000000   -0.000000000000   -0.000000000000    0.000000000000    0.000000000000    0.000000000000    0.000000000000   -0.000000000000    0.000000000000    0.000000000000   -0.000000000000   -0.000000000000   -0.000000000000   -0.000000000000   -0.000000000000    0.000000000000   -0.000000000000    0.000000000000    0.000000000000   -0.015453807156    0.000000000000    0.000000000000    0.000000000000    0.000000000000   -0.005341796465   -0.000000000000   -0.000000000000    0.000000000000   -0.000000000000   -0.000000000000    0.007241392394   -0.000000000000
   0.000000000000    0.000000000000    0.000000000000   -0.000000000000   -0.000000000000   -0.000000000000    0.000000000000    0.000000000000    0.000000000000    0.000000000000    0.000000000000    0.000000000000    0.000000000000    0.000000000000    0.000000000000   -0.000000000000   -0.000000000000    0.000000000000   -0.000000000000   -0.000000000000   -0.000000000000   -0.000000000000   -0.000000000000   -0.000000000000   -0.000000000000   -0.000126453779    0.000000000000    0.000000000000   -0.000000000000    0.000000000000    0.000000000000    0.000000000000
  -0.000000000000   -0.000000000000   -0.000000000000    0.000000000000    0.000000000000    0.000000000000   -0.000000000000   -0.000000000000   -0.000000000000   -0.000000000000   -0.000000000000   -0.000000000000   -0.000000000000    0.000000000000   -0.000000000000   -0.001830483212   -0.000000000000    0.000000000000    0.000000000000    0.000000000000   -0.007241412640   -0.000000000000    0.000000000000    0.000000000000    0.000000000000   -0.000000000000    0.002152382836    0.000000000000   -0.000000000000   -0.000000000000   -0.000000000000   -0.000000000000
  -0.000000000000   -0.000000000000    0.000000000000    0.000000000000   -0.000000000000   -0.000000000000    0.000000000000   -0.001273476867   -0.000000000000    0.000000000000   -0.009928281374    0.000000000000    0.000000000000   -0.004886152457    0.000000000000   -0.000000000000    0.011347408464    0.000000000000   -0.000000000000   -0.000000000000   -0.000000000000    0.010760808767   -0.000000000000   -0.000000000000   -0.000000000000    0.000000000000    0.000000000000   -0.011955794937    0.000000000000    0.000000000000    0.000000000000   -0.000000000000
   0.000098765633    0.000250182992   -0.000407519408   -0.005958751754   -0.010936590580   -0.005689374929    0.000000000000   -0.000000000000    0.006882248554   -0.000000000000   -0.000000000000    0.026833563847   -0.000000000000   -0.000000000000    0.002418787705    0.000000000000    0.000000000000   -0.024058733643    0.000000000000    0.000000000000    0.000000000000    0.000000000000    0.007551859823    0.000000000000    0.000000000000   -0.000000000000   -0.000000000000   -0.000000000000    0.023913597880   -0.000000000000   -0.000000000000    0.000000000000
   0.000000000000    0.000000000000    0.000000000000   -0.000000000000   -0.000000000000   -0.000000000000   -0.001273476867    0.000000000000    0.000000000000   -0.009928281374    0.000000000000    0.000000000000   -0.004886152457    0.000000000000    0.000000000000   -0.000000000000   -0.000000000000   -0.000000000000    0.011347408464   -0.000000000000   -0.000000000000   -0.000000000000   -0.000000000000    0.010760808767   -0.000000000000    0.000000000000   -0.000000000000    0.000000000000   -0.000000000000   -0.011955794937    0.000000000000    0.000000000000
  -0.000000000000   -0.000000000000   -0.000000000000    0.000000000000    0.000000000000    0.000000000000    0.000000000000    0.000000000000   -0.000000000000    0.000000000000    0.000000000000   -0.000000000000    0.000000000000    0.000000000000   -0.000000000000    0.000000000000   -0.000000000000    0.000000000000   -0.000000000000   -0.001830483212    0.000000000000   -0.000000000000    0.000000000000   -0.000000000000   -0.007241412640   -0.000000000000   -0.000000000000    0.000000000000   -0.000000000000    0.000000000000    0.002152382836   -0.000000000000
  -0.000000000000   -0.000000000000   -0.000000000000    0.000000000000    0.000000000000    0.000000000000    0.000000000000   -0.000000000000   -0.000000000000    0.000000000000   -0.000000000000   -0.000000000000    0.000000000000   -0.000000000000   -0.000000000000   -0.000000000000    0.000000000000    0.000000000000   -0.000000000000    0.000000000000   -0.000000000000    0.000000000000    0.000000000000   -0.000000000000    0.000000000000   -0.000000000000    0.000000000000   -0.000000000000    0.000000000000    0.000000000000   -0.000000000000   -0.000126453779
