  -0.000040219129   -0.000110159385   -0.000177172429    0.000239280387    0.156560945262    1.051079263420   -0.000000000000   -0.000000000000   -0.000068087012   -0.000000000000   -0.000000000000   -0.007724792499    0.000000000000    0.000000000000   -2.468763989116    0.000000000000    0.000000000000    0.000628796388    0.000000000000    0.000000000000    0.000000000000   -0.000000000000    0.919659018465   -0.000000000000    0.000000000000   -0.000000000000    0.000000000000   -0.000000000000   -0.000099153216   -0.000000000000   -0.000000000000    0.000000000000
  -0.000110159378   -0.000301654578   -0.000483847703    0.000654277514    0.129977691696    0.870209745900   -0.000000000000   -0.000000000000   -0.000193939737   -0.000000000000   -0.000000000000   -0.006656316302    0.000000000000    0.000000000000   -2.041589802689    0.000000000000    0.000000000000    0.001191071196    0.000000000000    0.000000000000    0.000000000000   -0.000000000000    0.752673586179   -0.000000000000    0.000000000000   -0.000000000000    0.000000000000   -0.000000000000   -0.000251256161    0.000000000000   -0.000000000000    0.000000000000
  -0.000177172360   -0.000483847543   -0.000758682641    0.000980116959    0.002244956763    0.100284571750    0.000000000000   -0.000000000000   -0.000352224479   -0.000000000000    0.000000000000    0.006758180945    0.000000000000    0.000000000000   -0.255838157090    0.000000000000    0.000000000000   -0.000154844562    0.000000000000    0.000000000000    0.000000000000   -0.000000000000    0.031274573492   -0.000000000000    0.000000000000   -0.000000000000    0.000000000000    0.000000000000    0.000405688209    0.000000000000   -0.000000000000   -0.000000000000
   0.000239280311    0.000654277351    0.000980117065   -0.002383988682   -0.058851969464   -0.145460182229   -0.000000000000    0.000000000000    0.001273918058    0.000000000000    0.000000000000    0.027663641308   -0.000000000000    0.000000000000    0.266706062454   -0.000000000000   -0.000000000000   -0.010237418544    0.000000000000   -0.000000000000   -0.000000000000   -0.000000000000   -0.187124437071    0.000000000000   -0.000000000000    0.000000000000    0.000000000000   -0.000000000000    0.005958080716   -0.000000000000   -0.000000000000   -0.000000000000
   0.156560941656    0.129977683225    0.002244942008   -0.058851969676   -0.163759484046   -0.277874327048   -0.000000000000    0.000000000000    0.072401626225    0.000000000000    0.000000000000    0.106095620610   -0.000000000000   -0.000000000000    0.403351806892   -0.000000000000   -0.000000000000   -0.051677974789    0.000000000000   -0.000000000000   -0.000000000000   -0.000000000000   -0.201795248216    0.000000000000   -0.000000000000    0.000000000000    0.000000000000   -0.000000000000    0.010898890061   -0.000000000000    0.000000000000   -0.000000000000
   1.051079250416    0.870209718335    0.100284513359   -0.145460209172   -0.277874300020   -0.309882473016   -0.000000000000    0.000000000000    0.124930437265   -0.000000000000   -0.000000000000    0.131014958086   -0.000000000000   -0.000000000000    0.286143221146   -0.000000000000   -0.000000000000   -0.029785495358    0.000000000000   -0.000000000000   -0.000000000000    0.000000000000   -0.140031878012    0.000000000000    0.000000000000    0.000000000000    0.000000000000    0.000000000000    0.005685032620   -0.000000000000    0.000000000000   -0.000000000000
  -0.000000000000   -0.000000000000   -0.000000000000    0.000000000000    0.000000000000   -0.000000000000    0.000131027187   -0.000000000000   -0.000000000000   -0.003284275506   -0.000000000000    0.000000000000   -0.102405848288    0.000000000000    0.000000000000   -0.000000000000   -0.000000000000   -0.000000000000    0.000604184465    0.000000000000   -0.000000000000    0.000000000000   -0.000000000000    0.085463265536   -0.000000000000    0.000000000000   -0.000000000000   -0.000000000000    0.000000000000   -0.001273382197    0.000000000000   -0.000000000000
  -0.000000000000   -0.000000000000   -0.000000000000    0.000000000000    0.000000000000    0.000000000000   -0.000000000000    0.000131027187   -0.000000000000    0.000000000000   -0.003284275506   -0.000000000000    0.000000000000   -0.102405848288   -0.000000000000    0.000000000000    0.000604184465    0.000000000000   -0.000000000000   -0.000000000000   -0.000000000000    0.085463265536    0.000000000000    0.000000000000   -0.000000000000   -0.000000000000   -0.000000000000   -0.001273382197   -0.000000000000    0.000000000000    0.000000000000    0.000000000000
   0.000068087436    0.000193940918    0.000352226562   -0.001273920751   -0.072401638326   -0.124930445941    0.000000000000    0.000000000000    0.000429334191   -0.000000000000    0.000000000000    0.033531506139   -0.000000000000    0.000000000000    0.199580939510   -0.000000000000    0.000000000000   -0.009258966939   -0.000000000000    0.000000000000    0.000000000000   -0.000000000000   -0.288653273937   -0.000000000000    0.000000000000    0.000000000000    0.000000000000    0.000000000000    0.006880885190    0.000000000000    0.000000000000   -0.000000000000
  -0.000000000000   -0.000000000000   -0.000000000000    0.000000000000   -0.000000000000   -0.000000000000   -0.003284274509    0.000000000000   -0.000000000000   -0.013800561375   -0.000000000000    0.000000000000   -0.086275750763   -0.000000000000    0.000000000000    0.000000000000    0.000000000000    0.000000000000    0.014581362573   -0.000000000000    0.000000000000    0.000000000000   -0.000000000000    0.079388154415   -0.000000000000    0.000000000000   -0.000000000000   -0.000000000000    0.000000000000   -0.009915886725    0.000000000000   -0.000000000000
   0.000000000000    0.000000000000    0.000000000000   -0.000000000000   -0.000000000000   -0.000000000000   -0.000000000000   -0.003284274509   -0.000000000000    0.000000000000   -0.013800561375    0.000000000000    0.000000000000   -0.086275750763   -0.000000000000    0.000000000000    0.014581362573   -0.000000000000   -0.000000000000    0.000000000000   -0.000000000000    0.079388154415    0.000000000000    0.000000000000   -0.000000000000   -0.000000000000   -0.000000000000   -0.009915886725    0.000000000000    0.000000000000    0.000000000000    0.000000000000
   0.007724788969    0.006656306843   -0.006758195559   -0.027663625369   -0.106095518535   -0.131014839680   -0.000000000000    0.000000000000    0.033531497437   -0.000000000000    0.000000000000    0.090033741094   -0.000000000000    0.000000000000    0.153732941449   -0.000000000000   -0.000000000000   -0.056901277200    0.000000000000   -0.000000000000   -0.000000000000   -0.000000000000   -0.190426471913    0.000000000000   -0.000000000000    0.000000000000    0.000000000000    0.000000000000    0.026776425765   -0.000000000000    0.000000000000   -0.000000000000
   0.000000000000    0.000000000000    0.000000000000   -0.000000000000   -0.000000000000   -0.000000000000   -0.102405858813   -0.000000000000    0.000000000000   -0.086275771534   -0.000000000000    0.000000000000   -0.024496073068   -0.000000000000    0.000000000000   -0.000000000000    0.000000000000   -0.000000000000    0.046988648354   -0.000000000000    0.000000000000    0.000000000000   -0.000000000000    0.017082523316   -0.000000000000   -0.000000000000   -0.000000000000   -0.000000000000    0.000000000000   -0.004855273796    0.000000000000    0.000000000000
   0.000000000000    0.000000000000    0.000000000000   -0.000000000000   -0.000000000000   -0.000000000000   -0.000000000000   -0.102405858813   -0.000000000000   -0.000000000000   -0.086275771534    0.000000000000   -0.000000000000   -0.024496073068    0.000000000000   -0.000000000000    0.046988648354   -0.000000000000    0.000000000000    0.000000000000   -0.000000000000    0.017082523316   -0.000000000000    0.000000000000   -0.000000000000   -0.000000000000   -0.000000000000   -0.004855273796    0.000000000000   -0.000000000000    0.000000000000    0.000000000000
   2.468763957726    2.041589735178    0.255838012841   -0.266706109044   -0.403351538131   -0.286142889193   -0.000000000000    0.000000000000    0.199580945728   -0.000000000000    0.000000000000    0.153732948528   -0.000000000000    0.000000000000    0.044271672351   -0.000000000000   -0.000000000000   -0.013777714195    0.000000000000    0.000000000000   -0.000000000000   -0.000000000000   -0.060213439537    0.000000000000    0.000000000000    0.000000000000    0.000000000000    0.000000000000    0.002421441280   -0.000000000000    0.000000000000    0.000000000000
   0.000000000000    0.000000000000    0.000000000000   -0.000000000000   -0.000000000000    0.000000000000    0.000000000000   -0.000000000000    0.000000000000   -0.000000000000   -0.000000000000   -0.000000000000    0.000000000000   -0.000000000000   -0.000000000000   -0.000248670430   -0.000000000000   -0.000000000000    0.000000000000    0.000000000000   -0.015428433572    0.000000000000    0.000000000000   -0.000000000000    0.000000000000    0.000000000000    0.001829920088   -0.000000000000   -0.000000000000    0.000000000000   -0.000000000000    0.000000000000
  -0.000000000000   -0.000000000000   -0.000000000000    0.000000000000    0.000000000000    0.000000000000    0.000000000000   -0.000604183477   -0.000000000000    0.000000000000   -0.014581366663   -0.000000000000    0.000000000000   -0.046988652616    0.000000000000    0.000000000000    0.007282224569    0.000000000000   -0.000000000000   -0.000000000000   -0.000000000000    0.080749783888    0.000000000000    0.000000000000   -0.000000000000   -0.000000000000   -0.000000000000   -0.011340111834   -0.000000000000    0.000000000000    0.000000000000   -0.000000000000
   0.000628796421    0.001191071346   -0.000154843914   -0.010237419581   -0.051677978509   -0.029785508648   -0.000000000000    0.000000000000    0.009258965049   -0.000000000000    0.000000000000    0.056901284933    0.000000000000    0.000000000000    0.013777748132   -0.000000000000   -0.000000000000   -0.029140662528    0.000000000000   -0.000000000000    0.000000000000   -0.000000000000   -0.087650094474   -0.000000000000   -0.000000000000    0.000000000000   -0.000000000000    0.000000000000    0.024033660516   -0.000000000000    0.000000000000   -0.000000000000
  -0.000000000000   -0.000000000000   -0.000000000000    0.000000000000    0.000000000000   -0.000000000000   -0.000604183477    0.000000000000   -0.000000000000   -0.014581366663   -0.000000000000    0.000000000000   -0.046988652616   -0.000000000000    0.000000000000    0.000000000000    0.000000000000    0.000000000000    0.007282224569   -0.000000000000    0.000000000000    0.000000000000   -0.000000000000    0.080749783888   -0.000000000000    0.000000000000   -0.000000000000   -0.000000000000    0.000000000000   -0.011340111834    0.000000000000    0.000000000000
  -0.000000000000   -0.000000000000   -0.000000000000    0.000000000000   -0.000000000000   -0.000000000000   -0.000000000000    0.000000000000   -0.000000000000    0.000000000000   -0.000000000000    0.000000000000    0.000000000000   -0.000000000000    0.000000000000   -0.000000000000   -0.000000000000   -0.000000000000   -0.000000000000   -0.000248670430   -0.000000000000    0.000000000000   -0.000000000000   -0.000000000000   -0.015428433572    0.000000000000    0.000000000000   -0.000000000000    0.000000000000    0.000000000000    0.001829920088    0.000000000000
   0.000000000000    0.000000000000   -0.000000000000   -0.000000000000   -0.000000000000    0.000000000000    0.000000000000    0.000000000000    0.000000000000   -0.000000000000    0.000000000000    0.000000000000    0.000000000000    0.000000000000   -0.000000000000   -0.015428433177    0.000000000000    0.000000000000    0.000000000000    0.000000000000   -0.005119420920    0.000000000000    0.000000000000   -0.000000000000    0.000000000000    0.000000000000    0.007206371099   -0.000000000000   -0.000000000000    0.000000000000   -0.000000000000    0.000000000000
  -0.000000000000   -0.000000000000   -0.000000000000    0.000000000000    0.000000000000    0.000000000000   -0.000000000000   -0.085463270945   -0.000000000000   -0.000000000000   -0.079388163453   -0.000000000000   -0.000000000000   -0.017082509806   -0.000000000000    0.000000000000    0.080749787276    0.000000000000    0.000000000000    0.000000000000   -0.000000000000   -0.016149098886    0.000000000000    0.000000000000   -0.000000000000   -0.000000000000   -0.000000000000   -0.010621271338    0.000000000000   -0.000000000000    0.000000000000    0.000000000000
   0.919659007056    0.752673561828    0.031274518304   -0.187124468123   -0.201795190335   -0.140031817455   -0.000000000000   -0.000000000000    0.288653298719   -0.000000000000    0.000000000000    0.190426523485   -0.000000000000    0.000000000000    0.060213520355   -0.000000000000   -0.000000000000   -0.087650101220    0.000000000000    0.000000000000   -0.000000000000   -0.000000000000    0.026955862997   -0.000000000000    0.000000000000    0.000000000000    0.000000000000    0.000000000000   -0.007699039258   -0.000000000000    0.000000000000    0.000000000000
  -0.000000000000   -0.000000000000   -0.000000000000    0.000000000000    0.000000000000   -0.000000000000   -0.085463270945   -0.000000000000    0.000000000000   -0.079388163453   -0.000000000000    0.000000000000   -0.017082509806   -0.000000000000    0.000000000000    0.000000000000    0.000000000000   -0.000000000000    0.080749787276   -0.000000000000    0.000000000000    0.000000000000   -0.000000000000   -0.016149098886   -0.000000000000   -0.000000000000   -0.000000000000   -0.000000000000    0.000000000000   -0.010621271338    0.000000000000    0.000000000000
  -0.000000000000   -0.000000000000   -0.000000000000    0.000000000000    0.000000000000    0.000000000000   -0.000000000000    0.000000000000   -0.000000000000    0.000000000000   -0.000000000000    0.000000000000    0.000000000000   -0.000000000000    0.000000000000   -0.000000000000   -0.000000000000    0.000000000000    0.000000000000   -0.015428433177   -0.000000000000    0.000000000000   -0.000000000000   -0.000000000000   -0.005119420920    0.000000000000    0.000000000000   -0.000000000000    0.000000000000   -0.000000000000    0.007206371099    0.000000000000
  -0.000000000000   -0.000000000000    0.000000000000    0.000000000000    0.000000000000    0.000000000000    0.000000000000   -0.000000000000   -0.000000000000    0.000000000000   -0.000000000000   -0.000000000000    0.000000000000   -0.000000000000   -0.000000000000   -0.000000000000    0.000000000000    0.000000000000   -0.000000000000   -0.000000000000   -0.000000000000    0.000000000000    0.000000000000   -0.000000000000   -0.000000000000   -0.000126400527    0.000000000000   -0.000000000000   -0.000000000000    0.000000000000    0.000000000000    0.000000000000
   0.000000000000    0.000000000000    0.000000000000   -0.000000000000    0.000000000000    0.000000000000    0.000000000000   -0.000000000000    0.000000000000    0.000000000000   -0.000000000000    0.000000000000    0.000000000000   -0.000000000000   -0.000000000000   -0.001829919563   -0.000000000000   -0.000000000000   -0.000000000000    0.000000000000   -0.007206367337   -0.000000000000   -0.000000000000   -0.000000000000    0.000000000000    0.000000000000    0.002151564829    0.000000000000   -0.000000000000    0.000000000000   -0.000000000000    0.000000000000
  -0.000000000000   -0.000000000000   -0.000000000000    0.000000000000    0.000000000000    0.000000000000   -0.000000000000   -0.001273381555   -0.000000000000   -0.000000000000   -0.009915885350   -0.000000000000   -0.000000000000   -0.004855275052   -0.000000000000    0.000000000000    0.011340109307    0.000000000000   -0.000000000000    0.000000000000   -0.000000000000    0.010621259916    0.000000000000   -0.000000000000    0.000000000000   -0.000000000000   -0.000000000000   -0.011948835795    0.000000000000    0.000000000000    0.000000000000   -0.000000000000
   0.000099152727    0.000251254851   -0.000405690084   -0.005958078129   -0.010898875772   -0.005685023242   -0.000000000000   -0.000000000000    0.006880883162   -0.000000000000   -0.000000000000    0.026776420481    0.000000000000   -0.000000000000    0.002421450751    0.000000000000    0.000000000000   -0.024033656462    0.000000000000   -0.000000000000    0.000000000000    0.000000000000    0.007699042193   -0.000000000000   -0.000000000000    0.000000000000   -0.000000000000   -0.000000000000    0.023891363570   -0.000000000000    0.000000000000    0.000000000000
   0.000000000000   -0.000000000000   -0.000000000000   -0.000000000000   -0.000000000000   -0.000000000000   -0.001273381555    0.000000000000   -0.000000000000   -0.009915885350    0.000000000000    0.000000000000   -0.004855275052   -0.000000000000    0.000000000000   -0.000000000000    0.000000000000    0.000000000000    0.011340109307   -0.000000000000    0.000000000000    0.000000000000   -0.000000000000    0.010621259916   -0.000000000000    0.000000000000   -0.000000000000   -0.000000000000    0.000000000000   -0.011948835795    0.000000000000    0.000000000000
   0.000000000000    0.000000000000    0.000000000000    0.000000000000   -0.000000000000   -0.000000000000   -0.000000000000    0.000000000000   -0.000000000000   -0.000000000000    0.000000000000    0.000000000000   -0.000000000000   -0.000000000000    0.000000000000   -0.000000000000    0.000000000000    0.000000000000    0.000000000000   -0.001829919563   -0.000000000000    0.000000000000   -0.000000000000    0.000000000000   -0.007206367337    0.000000000000    0.000000000000   -0.000000000000    0.000000000000   -0.000000000000    0.002151564829    0.000000000000
  -0.000000000000   -0.000000000000   -0.000000000000    0.000000000000    0.000000000000    0.000000000000    0.000000000000    0.000000000000    0.000000000000    0.000000000000    0.000000000000   -0.000000000000   -0.000000000000   -0.000000000000   -0.000000000000    0.000000000000   -0.000000000000    0.000000000000    0.000000000000    0.000000000000    0.000000000000    0.000000000000    0.000000000000   -0.000000000000    0.000000000000   -0.000000000000   -0.000000000000    0.000000000000   -0.000000000000   -0.000000000000   -0.000000000000   -0.000126400527
