  -0.000014303325   -0.000039235382   -0.000062002622    0.000093076623    0.155625321322    1.050023505364    0.000000000000   -0.000000000000   -0.000042216469    0.000000000000   -0.000000000000   -0.007423116715    0.000000000000   -0.000000000000   -2.468300782557   -0.000000000000    0.000000000000    0.000575836766    0.000000000000    0.000000000000   -0.000000000000    0.000000000000    0.919380164721    0.000000000000    0.000000000000   -0.000000000000    0.000000000000    0.000000000000   -0.000070979294    0.000000000000   -0.000000000000   -0.000000000000
  -0.000039235382   -0.000107538187   -0.000168457733    0.000254080655    0.127415857992    0.867342254443    0.000000000000   -0.000000000000   -0.000124023567    0.000000000000   -0.000000000000   -0.005823068229    0.000000000000   -0.000000000000   -2.040372862829   -0.000000000000    0.000000000000    0.001046883685    0.000000000000    0.000000000000   -0.000000000000    0.000000000000    0.751922757662    0.000000000000    0.000000000000   -0.000000000000    0.000000000000    0.000000000000   -0.000173198874    0.000000000000   -0.000000000000   -0.000000000000
  -0.000062002622   -0.000168457733   -0.000244181620    0.000330284036   -0.002124160089    0.095235713970    0.000000000000   -0.000000000000   -0.000250405047    0.000000000000   -0.000000000000    0.008223637918    0.000000000000   -0.000000000000   -0.253148748555   -0.000000000000    0.000000000000   -0.000382813055    0.000000000000    0.000000000000   -0.000000000000    0.000000000000    0.029219487247    0.000000000000    0.000000000000   -0.000000000000    0.000000000000    0.000000000000    0.000546542920    0.000000000000   -0.000000000000   -0.000000000000
   0.000093076623    0.000254080655    0.000330284036   -0.001566003942   -0.054355470457   -0.141046846315   -0.000000000000    0.000000000000    0.001134019035   -0.000000000000    0.000000000000    0.026290633137   -0.000000000000    0.000000000000    0.266660016004    0.000000000000   -0.000000000000   -0.010087853197   -0.000000000000   -0.000000000000    0.000000000000   -0.000000000000   -0.188679556824   -0.000000000000   -0.000000000000   -0.000000000000   -0.000000000000    0.000000000000    0.005885671482   -0.000000000000    0.000000000000   -0.000000000000
   0.155625321321    0.127415857990   -0.002124160092   -0.054355470457   -0.135336063449   -0.247949628784   -0.000000000000    0.000000000000    0.072741354660   -0.000000000000    0.000000000000    0.098398277852   -0.000000000000    0.000000000000    0.395061613393    0.000000000000    0.000000000000   -0.052306835772   -0.000000000000   -0.000000000000    0.000000000000   -0.000000000000   -0.203669935749    0.000000000000   -0.000000000000    0.000000000000   -0.000000000000   -0.000000000000    0.011165299701   -0.000000000000    0.000000000000    0.000000000000
   1.050023505362    0.867342254437    0.095235713958   -0.141046846317   -0.247949628773   -0.279253816635    0.000000000000   -0.000000000000    0.127331916992   -0.000000000000    0.000000000000    0.122431599313   -0.000000000000    0.000000000000    0.272518538629    0.000000000000    0.000000000000   -0.030779837384    0.000000000000   -0.000000000000    0.000000000000   -0.000000000000   -0.141182838311    0.000000000000   -0.000000000000    0.000000000000   -0.000000000000   -0.000000000000    0.005125678388   -0.000000000000    0.000000000000   -0.000000000000
  -0.000000000000   -0.000000000000   -0.000000000000    0.000000000000   -0.000000000000   -0.000000000000    0.000161203455    0.000000000000   -0.000000000000   -0.003011870643    0.000000000000    0.000000000000   -0.102174785145    0.000000000000    0.000000000000   -0.000000000000   -0.000000000000   -0.000000000000    0.000487720768   -0.000000000000   -0.000000000000   -0.000000000000    0.000000000000    0.085414363067   -0.000000000000    0.000000000000    0.000000000000    0.000000000000    0.000000000000   -0.001187916059    0.000000000000   -0.000000000000
   0.000000000000    0.000000000000    0.000000000000   -0.000000000000   -0.000000000000   -0.000000000000   -0.000000000000    0.000161203455    0.000000000000   -0.000000000000   -0.003011870643   -0.000000000000    0.000000000000   -0.102174785145    0.000000000000    0.000000000000    0.000487720768    0.000000000000    0.000000000000   -0.000000000000    0.000000000000    0.085414363067   -0.000000000000   -0.000000000000   -0.000000000000    0.000000000000   -0.000000000000   -0.001187916059   -0.000000000000    0.000000000000    0.000000000000   -0.000000000000
   0.000042216469    0.000124023568    0.000250405048   -0.001134019035   -0.072741354664   -0.127331916995   -0.000000000000    0.000000000000    0.000288665622   -0.000000000000    0.000000000000    0.033845395289   -0.000000000000   -0.000000000000    0.206158902117   -0.000000000000   -0.000000000000   -0.009087784360   -0.000000000000    0.000000000000   -0.000000000000    0.000000000000   -0.292476340374    0.000000000000    0.000000000000   -0.000000000000    0.000000000000    0.000000000000    0.006907525853    0.000000000000   -0.000000000000   -0.000000000000
  -0.000000000000   -0.000000000000   -0.000000000000    0.000000000000   -0.000000000000   -0.000000000000   -0.003011870643    0.000000000000   -0.000000000000   -0.012531808396    0.000000000000    0.000000000000   -0.085383377419    0.000000000000    0.000000000000   -0.000000000000   -0.000000000000   -0.000000000000    0.014224196221    0.000000000000   -0.000000000000   -0.000000000000    0.000000000000    0.079977590865   -0.000000000000    0.000000000000   -0.000000000000    0.000000000000    0.000000000000   -0.009866946305   -0.000000000000   -0.000000000000
   0.000000000000    0.000000000000    0.000000000000   -0.000000000000   -0.000000000000   -0.000000000000   -0.000000000000   -0.003011870643    0.000000000000   -0.000000000000   -0.012531808396   -0.000000000000    0.000000000000   -0.085383377419   -0.000000000000    0.000000000000    0.014224196221    0.000000000000   -0.000000000000    0.000000000000   -0.000000000000    0.079977590865   -0.000000000000   -0.000000000000    0.000000000000   -0.000000000000   -0.000000000000   -0.009866946305   -0.000000000000    0.000000000000    0.000000000000   -0.000000000000
   0.007423116714    0.005823068226   -0.008223637922   -0.026290633133   -0.098398277828   -0.122431599285   -0.000000000000    0.000000000000    0.033845395286   -0.000000000000    0.000000000000    0.086029836242    0.000000000000    0.000000000000    0.145675159553    0.000000000000    0.000000000000   -0.058193028027   -0.000000000000   -0.000000000000    0.000000000000   -0.000000000000   -0.195480264834    0.000000000000   -0.000000000000   -0.000000000000   -0.000000000000    0.000000000000    0.027299759349    0.000000000000    0.000000000000    0.000000000000
  -0.000000000000   -0.000000000000   -0.000000000000    0.000000000000    0.000000000000   -0.000000000000   -0.102174785147    0.000000000000   -0.000000000000   -0.085383377421    0.000000000000    0.000000000000   -0.026039872561    0.000000000000    0.000000000000   -0.000000000000   -0.000000000000   -0.000000000000    0.048343998920    0.000000000000   -0.000000000000   -0.000000000000   -0.000000000000    0.020714471067    0.000000000000    0.000000000000   -0.000000000000    0.000000000000    0.000000000000   -0.005640763836   -0.000000000000    0.000000000000
   0.000000000000    0.000000000000    0.000000000000   -0.000000000000   -0.000000000000   -0.000000000000    0.000000000000   -0.102174785147   -0.000000000000    0.000000000000   -0.085383377421   -0.000000000000   -0.000000000000   -0.026039872561   -0.000000000000   -0.000000000000    0.048343998920    0.000000000000   -0.000000000000    0.000000000000   -0.000000000000    0.020714471067    0.000000000000   -0.000000000000    0.000000000000   -0.000000000000   -0.000000000000   -0.005640763836   -0.000000000000    0.000000000000   -0.000000000000   -0.000000000000
   2.468300782551    2.040372862815    0.253148748526   -0.266660016006   -0.395061613313   -0.272518538533    0.000000000000   -0.000000000000    0.206158902118    0.000000000000    0.000000000000    0.145675159555    0.000000000000   -0.000000000000   -0.001399419236    0.000000000000    0.000000000000   -0.017661022389    0.000000000000   -0.000000000000    0.000000000000    0.000000000000   -0.059162637554    0.000000000000   -0.000000000000    0.000000000000   -0.000000000000    0.000000000000    0.000970259373    0.000000000000    0.000000000000   -0.000000000000
  -0.000000000000   -0.000000000000   -0.000000000000    0.000000000000    0.000000000000    0.000000000000    0.000000000000    0.000000000000    0.000000000000   -0.000000000000   -0.000000000000   -0.000000000000   -0.000000000000   -0.000000000000   -0.000000000000   -0.000169099605    0.000000000000    0.000000000000    0.000000000000   -0.000000000000   -0.015508814942    0.000000000000    0.000000000000    0.000000000000   -0.000000000000    0.000000000000    0.001780518393    0.000000000000   -0.000000000000   -0.000000000000    0.000000000000   -0.000000000000
   0.000000000000   -0.000000000000   -0.000000000000    0.000000000000    0.000000000000    0.000000000000   -0.000000000000   -0.000487720767   -0.000000000000    0.000000000000   -0.014224196222    0.000000000000    0.000000000000   -0.048343998920   -0.000000000000    0.000000000000    0.006770023578   -0.000000000000    0.000000000000   -0.000000000000   -0.000000000000    0.082872208960    0.000000000000   -0.000000000000   -0.000000000000   -0.000000000000    0.000000000000   -0.011313736132    0.000000000000   -0.000000000000    0.000000000000   -0.000000000000
   0.000575836767    0.001046883685   -0.000382813054   -0.010087853198   -0.052306835777   -0.030779837389   -0.000000000000    0.000000000000    0.009087784360    0.000000000000    0.000000000000    0.058193028031    0.000000000000   -0.000000000000    0.017661022399    0.000000000000   -0.000000000000   -0.029467074710   -0.000000000000   -0.000000000000   -0.000000000000    0.000000000000   -0.093527978899   -0.000000000000    0.000000000000   -0.000000000000   -0.000000000000    0.000000000000    0.024589480041    0.000000000000    0.000000000000    0.000000000000
  -0.000000000000   -0.000000000000   -0.000000000000   -0.000000000000   -0.000000000000    0.000000000000   -0.000487720767    0.000000000000   -0.000000000000   -0.014224196222   -0.000000000000    0.000000000000   -0.048343998920   -0.000000000000   -0.000000000000    0.000000000000    0.000000000000   -0.000000000000    0.006770023578    0.000000000000   -0.000000000000   -0.000000000000   -0.000000000000    0.082872208960   -0.000000000000    0.000000000000    0.000000000000   -0.000000000000    0.000000000000   -0.011313736132    0.000000000000   -0.000000000000
   0.000000000000    0.000000000000    0.000000000000   -0.000000000000   -0.000000000000   -0.000000000000    0.000000000000   -0.000000000000   -0.000000000000   -0.000000000000    0.000000000000    0.000000000000   -0.000000000000    0.000000000000    0.000000000000    0.000000000000    0.000000000000    0.000000000000   -0.000000000000   -0.000169099605    0.000000000000   -0.000000000000   -0.000000000000    0.000000000000   -0.015508814942    0.000000000000    0.000000000000    0.000000000000    0.000000000000   -0.000000000000    0.001780518393   -0.000000000000
  -0.000000000000   -0.000000000000   -0.000000000000    0.000000000000    0.000000000000    0.000000000000   -0.000000000000    0.000000000000    0.000000000000   -0.000000000000   -0.000000000000   -0.000000000000   -0.000000000000   -0.000000000000   -0.000000000000   -0.015508814942   -0.000000000000   -0.000000000000   -0.000000000000    0.000000000000   -0.006630912226   -0.000000000000    0.000000000000    0.000000000000   -0.000000000000    0.000000000000    0.007493206624    0.000000000000   -0.000000000000    0.000000000000    0.000000000000    0.000000000000
   0.000000000000   -0.000000000000   -0.000000000000   -0.000000000000    0.000000000000   -0.000000000000    0.000000000000   -0.085414363068   -0.000000000000    0.000000000000   -0.079977590866    0.000000000000    0.000000000000   -0.020714471063   -0.000000000000    0.000000000000    0.082872208960    0.000000000000   -0.000000000000    0.000000000000    0.000000000000   -0.007722685205    0.000000000000   -0.000000000000    0.000000000000   -0.000000000000    0.000000000000   -0.012858933164   -0.000000000000    0.000000000000   -0.000000000000   -0.000000000000
   0.919380164718    0.751922757657    0.029219487236   -0.188679556829   -0.203669935734   -0.141182838295    0.000000000000   -0.000000000000    0.292476340377    0.000000000000    0.000000000000    0.195480264845    0.000000000000    0.000000000000    0.059162637572    0.000000000000    0.000000000000   -0.093527978901   -0.000000000000   -0.000000000000    0.000000000000    0.000000000000    0.016462756909   -0.000000000000   -0.000000000000    0.000000000000   -0.000000000000    0.000000000000   -0.004604849377    0.000000000000    0.000000000000   -0.000000000000
  -0.000000000000   -0.000000000000   -0.000000000000    0.000000000000    0.000000000000    0.000000000000   -0.085414363068    0.000000000000   -0.000000000000   -0.079977590866    0.000000000000    0.000000000000   -0.020714471063    0.000000000000    0.000000000000    0.000000000000   -0.000000000000    0.000000000000    0.082872208960    0.000000000000   -0.000000000000   -0.000000000000    0.000000000000   -0.007722685205   -0.000000000000    0.000000000000   -0.000000000000   -0.000000000000    0.000000000000   -0.012858933164    0.000000000000   -0.000000000000
   0.000000000000    0.000000000000    0.000000000000   -0.000000000000   -0.000000000000   -0.000000000000    0.000000000000    0.000000000000    0.000000000000   -0.000000000000    0.000000000000    0.000000000000   -0.000000000000    0.000000000000    0.000000000000   -0.000000000000   -0.000000000000    0.000000000000   -0.000000000000   -0.015508814942    0.000000000000   -0.000000000000   -0.000000000000    0.000000000000   -0.006630912226    0.000000000000    0.000000000000    0.000000000000   -0.000000000000   -0.000000000000    0.007493206624   -0.000000000000
   0.000000000000   -0.000000000000   -0.000000000000    0.000000000000   -0.000000000000   -0.000000000000   -0.000000000000   -0.000000000000   -0.000000000000    0.000000000000   -0.000000000000   -0.000000000000    0.000000000000   -0.000000000000   -0.000000000000   -0.000000000000    0.000000000000    0.000000000000   -0.000000000000    0.000000000000   -0.000000000000    0.000000000000    0.000000000000   -0.000000000000    0.000000000000   -0.000117672329    0.000000000000   -0.000000000000   -0.000000000000    0.000000000000    0.000000000000   -0.000000000000
  -0.000000000000   -0.000000000000   -0.000000000000    0.000000000000    0.000000000000    0.000000000000   -0.000000000000   -0.000000000000    0.000000000000   -0.000000000000   -0.000000000000   -0.000000000000   -0.000000000000   -0.000000000000   -0.000000000000   -0.001780518392   -0.000000000000   -0.000000000000    0.000000000000    0.000000000000   -0.007493206623    0.000000000000    0.000000000000    0.000000000000    0.000000000000    0.000000000000    0.002108883972    0.000000000000   -0.000000000000   -0.000000000000    0.000000000000   -0.000000000000
  -0.000000000000   -0.000000000000   -0.000000000000    0.000000000000    0.000000000000    0.000000000000    0.000000000000   -0.001187916058   -0.000000000000    0.000000000000   -0.009866946305   -0.000000000000    0.000000000000   -0.005640763837    0.000000000000   -0.000000000000    0.011313736131    0.000000000000   -0.000000000000   -0.000000000000   -0.000000000000    0.012858933162    0.000000000000    0.000000000000   -0.000000000000   -0.000000000000    0.000000000000   -0.012011103265   -0.000000000000    0.000000000000    0.000000000000   -0.000000000000
   0.000070979293    0.000173198874   -0.000546542921   -0.005885671482   -0.011165299698   -0.005125678385   -0.000000000000    0.000000000000    0.006907525852   -0.000000000000    0.000000000000    0.027299759348    0.000000000000    0.000000000000    0.000970259374    0.000000000000   -0.000000000000   -0.024589480040   -0.000000000000   -0.000000000000    0.000000000000   -0.000000000000    0.004604849377   -0.000000000000   -0.000000000000    0.000000000000   -0.000000000000    0.000000000000    0.024282654852    0.000000000000    0.000000000000    0.000000000000
  -0.000000000000   -0.000000000000   -0.000000000000    0.000000000000    0.000000000000    0.000000000000   -0.001187916058    0.000000000000    0.000000000000   -0.009866946305    0.000000000000    0.000000000000   -0.005640763837   -0.000000000000    0.000000000000    0.000000000000    0.000000000000   -0.000000000000    0.011313736131    0.000000000000    0.000000000000    0.000000000000   -0.000000000000    0.012858933162    0.000000000000    0.000000000000   -0.000000000000    0.000000000000    0.000000000000   -0.012011103265   -0.000000000000   -0.000000000000
   0.000000000000    0.000000000000    0.000000000000   -0.000000000000    0.000000000000    0.000000000000    0.000000000000    0.000000000000   -0.000000000000   -0.000000000000    0.000000000000   -0.000000000000   -0.000000000000    0.000000000000   -0.000000000000   -0.000000000000   -0.000000000000    0.000000000000   -0.000000000000   -0.001780518392   -0.000000000000   -0.000000000000    0.000000000000    0.000000000000   -0.007493206623    0.000000000000    0.000000000000    0.000000000000   -0.000000000000   -0.000000000000    0.002108883972   -0.000000000000
   0.000000000000    0.000000000000    0.000000000000   -0.000000000000   -0.000000000000    0.000000000000    0.000000000000   -0.000000000000   -0.000000000000    0.000000000000   -0.000000000000    0.000000000000    0.000000000000   -0.000000000000   -0.000000000000   -0.000000000000    0.000000000000   -0.000000000000   -0.000000000000    0.000000000000    0.000000000000    0.000000000000    0.000000000000   -0.000000000000   -0.000000000000    0.000000000000   -0.000000000000   -0.000000000000   -0.000000000000    0.000000000000    0.000000000000   -0.000117672329
