  -0.000014306024   -0.000039243154   -0.000062018029    0.000093097114    0.155626450924    1.050029693711    0.000000000000    0.000000000000   -0.000042191227    0.000000000000    0.000000000000   -0.007423429449   -0.000000000000   -0.000000000000   -2.468315117975    0.000000000000   -0.000000000000    0.000575845026   -0.000000000000    0.000000000000    0.000000000000   -0.000000000000    0.919385502881   -0.000000000000    0.000000000000    0.000000000000   -0.000000000000    0.000000000000   -0.000071013737    0.000000000000   -0.000000000000   -0.000000000000
  -0.000039243154   -0.000107560493   -0.000168501549    0.000254138522    0.127418039001    0.867352898272    0.000000000000    0.000000000000   -0.000123955190    0.000000000000    0.000000000000   -0.005823885825   -0.000000000000   -0.000000000000   -2.040397250830    0.000000000000   -0.000000000000    0.001046902059   -0.000000000000    0.000000000000    0.000000000000   -0.000000000000    0.751931883487   -0.000000000000    0.000000000000    0.000000000000   -0.000000000000    0.000000000000   -0.000173291921    0.000000000000   -0.000000000000    0.000000000000
  -0.000062018029   -0.000168501549   -0.000244266220    0.000330391816   -0.002117498535    0.095266583145    0.000000000000    0.000000000000   -0.000250292542    0.000000000000   -0.000000000000    0.008221678369   -0.000000000000   -0.000000000000   -0.253218162243    0.000000000000   -0.000000000000   -0.000382731194   -0.000000000000    0.000000000000    0.000000000000   -0.000000000000    0.029249398097   -0.000000000000    0.000000000000    0.000000000000   -0.000000000000    0.000000000000    0.000546373962    0.000000000000   -0.000000000000    0.000000000000
   0.000093097114    0.000254138522    0.000330391816   -0.001566068784   -0.054344915448   -0.140999917478   -0.000000000000   -0.000000000000    0.001133859288   -0.000000000000   -0.000000000000    0.026288344470   -0.000000000000    0.000000000000    0.266557191246   -0.000000000000    0.000000000000   -0.010086885811    0.000000000000   -0.000000000000   -0.000000000000   -0.000000000000   -0.188625681684    0.000000000000   -0.000000000000   -0.000000000000    0.000000000000   -0.000000000000    0.005885249253   -0.000000000000    0.000000000000   -0.000000000000
   0.155626450924    0.127418039001   -0.002117498535   -0.054344915447   -0.135288552820   -0.247840939664   -0.000000000000   -0.000000000000    0.072730904556    0.000000000000    0.000000000000    0.098362160850    0.000000000000    0.000000000000    0.394869625538   -0.000000000000    0.000000000000   -0.052288686682    0.000000000000   -0.000000000000   -0.000000000000   -0.000000000000   -0.203555850398    0.000000000000   -0.000000000000    0.000000000000    0.000000000000    0.000000000000    0.011157087214   -0.000000000000    0.000000000000    0.000000000000
   1.050029693711    0.867352898271    0.095266583144   -0.140999917478   -0.247840939663   -0.279071736180    0.000000000000    0.000000000000    0.127312948338    0.000000000000    0.000000000000    0.122377050490    0.000000000000    0.000000000000    0.272306389427    0.000000000000    0.000000000000   -0.030763664794   -0.000000000000    0.000000000000   -0.000000000000   -0.000000000000   -0.141113937144   -0.000000000000   -0.000000000000    0.000000000000    0.000000000000    0.000000000000    0.005123165808    0.000000000000    0.000000000000    0.000000000000
   0.000000000000   -0.000000000000   -0.000000000000    0.000000000000   -0.000000000000   -0.000000000000    0.000161213686    0.000000000000   -0.000000000000   -0.003011757414   -0.000000000000    0.000000000000   -0.102161395803    0.000000000000    0.000000000000    0.000000000000   -0.000000000000    0.000000000000    0.000487590867    0.000000000000    0.000000000000   -0.000000000000   -0.000000000000    0.085403495167    0.000000000000   -0.000000000000    0.000000000000   -0.000000000000    0.000000000000   -0.001187889471   -0.000000000000   -0.000000000000
   0.000000000000    0.000000000000    0.000000000000   -0.000000000000   -0.000000000000    0.000000000000    0.000000000000    0.000161213686    0.000000000000   -0.000000000000   -0.003011757414    0.000000000000    0.000000000000   -0.102161395803   -0.000000000000    0.000000000000    0.000487590867   -0.000000000000   -0.000000000000    0.000000000000   -0.000000000000    0.085403495167    0.000000000000   -0.000000000000   -0.000000000000   -0.000000000000   -0.000000000000   -0.001187889471    0.000000000000   -0.000000000000    0.000000000000    0.000000000000
   0.000042191227    0.000123955190    0.000250292542   -0.001133859288   -0.072730904557   -0.127312948338   -0.000000000000    0.000000000000    0.000288635158   -0.000000000000   -0.000000000000    0.033842057229   -0.000000000000   -0.000000000000    0.206129082521   -0.000000000000    0.000000000000   -0.009087268653    0.000000000000   -0.000000000000   -0.000000000000    0.000000000000   -0.292433067215    0.000000000000   -0.000000000000   -0.000000000000    0.000000000000   -0.000000000000    0.006907175046    0.000000000000    0.000000000000   -0.000000000000
  -0.000000000000   -0.000000000000   -0.000000000000    0.000000000000    0.000000000000   -0.000000000000   -0.003011757414   -0.000000000000   -0.000000000000   -0.012528770602   -0.000000000000   -0.000000000000   -0.085336983467    0.000000000000    0.000000000000    0.000000000000    0.000000000000    0.000000000000    0.014222600572   -0.000000000000    0.000000000000    0.000000000000   -0.000000000000    0.079932979395   -0.000000000000   -0.000000000000    0.000000000000   -0.000000000000   -0.000000000000   -0.009864521907    0.000000000000   -0.000000000000
   0.000000000000    0.000000000000   -0.000000000000   -0.000000000000    0.000000000000    0.000000000000   -0.000000000000   -0.003011757414   -0.000000000000   -0.000000000000   -0.012528770602    0.000000000000    0.000000000000   -0.085336983467   -0.000000000000   -0.000000000000    0.014222600572    0.000000000000    0.000000000000   -0.000000000000   -0.000000000000    0.079932979395    0.000000000000    0.000000000000   -0.000000000000   -0.000000000000    0.000000000000   -0.009864521907    0.000000000000   -0.000000000000    0.000000000000    0.000000000000
   0.007423429449    0.005823885825   -0.008221678370   -0.026288344470   -0.098362160848   -0.122377050487   -0.000000000000   -0.000000000000    0.033842057228   -0.000000000000   -0.000000000000    0.085996881087   -0.000000000000   -0.000000000000    0.145583340964    0.000000000000   -0.000000000000   -0.058177413368   -0.000000000000    0.000000000000   -0.000000000000   -0.000000000000   -0.195351359894    0.000000000000   -0.000000000000   -0.000000000000    0.000000000000    0.000000000000    0.027288030213   -0.000000000000    0.000000000000   -0.000000000000
  -0.000000000000   -0.000000000000   -0.000000000000    0.000000000000    0.000000000000    0.000000000000   -0.102161395803    0.000000000000   -0.000000000000   -0.085336983467    0.000000000000   -0.000000000000   -0.025855715733   -0.000000000000   -0.000000000000    0.000000000000    0.000000000000    0.000000000000    0.048329764874   -0.000000000000    0.000000000000    0.000000000000   -0.000000000000    0.020613225131   -0.000000000000    0.000000000000   -0.000000000000   -0.000000000000    0.000000000000   -0.005635030192   -0.000000000000    0.000000000000
  -0.000000000000   -0.000000000000   -0.000000000000    0.000000000000    0.000000000000    0.000000000000    0.000000000000   -0.102161395803   -0.000000000000    0.000000000000   -0.085336983467   -0.000000000000   -0.000000000000   -0.025855715733   -0.000000000000   -0.000000000000    0.048329764874    0.000000000000    0.000000000000   -0.000000000000   -0.000000000000    0.020613225130    0.000000000000    0.000000000000   -0.000000000000    0.000000000000    0.000000000000   -0.005635030192   -0.000000000000   -0.000000000000    0.000000000000   -0.000000000000
   2.468315117975    2.040397250829    0.253218162240   -0.266557191246   -0.394869625530   -0.272306389417    0.000000000000    0.000000000000    0.206129082522    0.000000000000    0.000000000000    0.145583340965   -0.000000000000    0.000000000000   -0.001531800244    0.000000000001   -0.000000000000   -0.017642374965   -0.000000000000    0.000000000000    0.000000000000   -0.000000000000   -0.059121595022   -0.000000000000    0.000000000000    0.000000000000   -0.000000000000    0.000000000000    0.000968190612    0.000000000000   -0.000000000000    0.000000000000
   0.000000000000    0.000000000000    0.000000000000   -0.000000000000   -0.000000000000    0.000000000000    0.000000000000    0.000000000000    0.000000000000   -0.000000000000   -0.000000000000   -0.000000000000   -0.000000000000   -0.000000000000   -0.000000000001   -0.000168915230    0.000000000000   -0.000000000000    0.000000000000    0.000000000000   -0.015504558931    0.000000000000    0.000000000000   -0.000000000000    0.000000000000   -0.000000000000    0.001780450125   -0.000000000000   -0.000000000000   -0.000000000000   -0.000000000000   -0.000000000000
  -0.000000000000   -0.000000000000   -0.000000000000    0.000000000000    0.000000000000   -0.000000000000    0.000000000000   -0.000487590867   -0.000000000000   -0.000000000000   -0.014222600573    0.000000000000   -0.000000000000   -0.048329764874    0.000000000000   -0.000000000000    0.006768696721    0.000000000000   -0.000000000000   -0.000000000000    0.000000000000    0.082841725672   -0.000000000000    0.000000000000   -0.000000000000   -0.000000000000   -0.000000000000   -0.011312352967   -0.000000000000   -0.000000000000    0.000000000000    0.000000000000
   0.000575845026    0.001046902059   -0.000382731194   -0.010086885811   -0.052288686682   -0.030763664796   -0.000000000000   -0.000000000000    0.009087268653   -0.000000000000   -0.000000000000    0.058177413369   -0.000000000000   -0.000000000000    0.017642374967   -0.000000000000    0.000000000000   -0.029462611112    0.000000000000   -0.000000000000   -0.000000000000    0.000000000000   -0.093473768507    0.000000000000   -0.000000000000   -0.000000000000    0.000000000000   -0.000000000000    0.024584324592   -0.000000000000    0.000000000000   -0.000000000000
  -0.000000000000   -0.000000000000   -0.000000000000    0.000000000000    0.000000000000   -0.000000000000   -0.000487590867    0.000000000000   -0.000000000000   -0.014222600573   -0.000000000000   -0.000000000000   -0.048329764874   -0.000000000000    0.000000000000    0.000000000000   -0.000000000000    0.000000000000    0.006768696721   -0.000000000000    0.000000000000    0.000000000000   -0.000000000000    0.082841725672   -0.000000000000   -0.000000000000   -0.000000000000   -0.000000000000   -0.000000000000   -0.011312352967   -0.000000000000   -0.000000000000
   0.000000000000    0.000000000000    0.000000000000   -0.000000000000   -0.000000000000    0.000000000000    0.000000000000   -0.000000000000    0.000000000000    0.000000000000    0.000000000000   -0.000000000000   -0.000000000000    0.000000000000   -0.000000000000   -0.000000000000   -0.000000000000   -0.000000000000   -0.000000000000   -0.000168915230   -0.000000000000   -0.000000000000    0.000000000000    0.000000000000   -0.015504558931    0.000000000000    0.000000000000    0.000000000000   -0.000000000000    0.000000000000    0.001780450125    0.000000000000
   0.000000000000    0.000000000000    0.000000000000   -0.000000000000   -0.000000000000   -0.000000000000   -0.000000000000    0.000000000000    0.000000000000   -0.000000000000   -0.000000000000    0.000000000000    0.000000000000   -0.000000000000   -0.000000000000   -0.015504558931    0.000000000000   -0.000000000000    0.000000000000   -0.000000000000   -0.006592431303    0.000000000000    0.000000000000   -0.000000000000   -0.000000000000   -0.000000000000    0.007487121071   -0.000000000000   -0.000000000000   -0.000000000000   -0.000000000000   -0.000000000000
  -0.000000000000   -0.000000000000   -0.000000000000    0.000000000000    0.000000000000    0.000000000000    0.000000000000   -0.085403495167   -0.000000000000   -0.000000000000   -0.079932979395   -0.000000000000   -0.000000000000   -0.020613225130    0.000000000000   -0.000000000000    0.082841725672    0.000000000000    0.000000000000    0.000000000000   -0.000000000000   -0.007881746828   -0.000000000000    0.000000000000   -0.000000000000    0.000000000000   -0.000000000000   -0.012834103672   -0.000000000000   -0.000000000000    0.000000000000   -0.000000000000
   0.919385502881    0.751931883486    0.029249398096   -0.188625681684   -0.203555850397   -0.141113937143    0.000000000000    0.000000000000    0.292433067216    0.000000000000    0.000000000000    0.195351359896    0.000000000000   -0.000000000000    0.059121595024    0.000000000000   -0.000000000000   -0.093473768508   -0.000000000000    0.000000000000    0.000000000000   -0.000000000000    0.016578994134   -0.000000000000    0.000000000000    0.000000000000   -0.000000000000    0.000000000000   -0.004631388403    0.000000000000   -0.000000000000    0.000000000000
  -0.000000000000   -0.000000000000   -0.000000000000    0.000000000000    0.000000000000    0.000000000000   -0.085403495167    0.000000000000   -0.000000000000   -0.079932979395   -0.000000000000   -0.000000000000   -0.020613225130   -0.000000000000    0.000000000000    0.000000000000    0.000000000000    0.000000000000    0.082841725673   -0.000000000000    0.000000000000    0.000000000000   -0.000000000000   -0.007881746827   -0.000000000000    0.000000000000   -0.000000000000   -0.000000000000   -0.000000000000   -0.012834103672   -0.000000000000    0.000000000000
   0.000000000000    0.000000000000    0.000000000000   -0.000000000000   -0.000000000000   -0.000000000000    0.000000000000   -0.000000000000    0.000000000000    0.000000000000    0.000000000000    0.000000000000   -0.000000000000    0.000000000000   -0.000000000000   -0.000000000000   -0.000000000000   -0.000000000000   -0.000000000000   -0.015504558931   -0.000000000000    0.000000000000    0.000000000000   -0.000000000000   -0.006592431303    0.000000000000    0.000000000000    0.000000000000   -0.000000000000    0.000000000000    0.007487121071    0.000000000000
  -0.000000000000   -0.000000000000   -0.000000000000    0.000000000000    0.000000000000    0.000000000000   -0.000000000000   -0.000000000000   -0.000000000000   -0.000000000000   -0.000000000000   -0.000000000000    0.000000000000    0.000000000000   -0.000000000000    0.000000000000    0.000000000000    0.000000000000    0.000000000000   -0.000000000000   -0.000000000000   -0.000000000000    0.000000000000   -0.000000000000   -0.000000000000   -0.000117667115   -0.000000000000   -0.000000000000    0.000000000000   -0.000000000000    0.000000000000    0.000000000000
   0.000000000000    0.000000000000    0.000000000000   -0.000000000000   -0.000000000000   -0.000000000000    0.000000000000   -0.000000000000    0.000000000000   -0.000000000000   -0.000000000000    0.000000000000   -0.000000000000   -0.000000000000   -0.000000000000   -0.001780450125   -0.000000000000   -0.000000000000   -0.000000000000    0.000000000000   -0.007487121071    0.000000000000    0.000000000000   -0.000000000000    0.000000000000   -0.000000000000    0.002108746444   -0.000000000000   -0.000000000000   -0.000000000000   -0.000000000000   -0.000000000000
  -0.000000000000   -0.000000000000   -0.000000000000    0.000000000000    0.000000000000   -0.000000000000   -0.000000000000   -0.001187889471   -0.000000000000   -0.000000000000   -0.009864521907   -0.000000000000   -0.000000000000   -0.005635030192    0.000000000000    0.000000000000    0.011312352967    0.000000000000    0.000000000000   -0.000000000000    0.000000000000    0.012834103672    0.000000000000    0.000000000000   -0.000000000000   -0.000000000000   -0.000000000000   -0.012009697954   -0.000000000000   -0.000000000000    0.000000000000    0.000000000000
   0.000071013737    0.000173291921   -0.000546373962   -0.005885249253   -0.011157087214   -0.005123165807   -0.000000000000   -0.000000000000    0.006907175046   -0.000000000000   -0.000000000000    0.027288030213   -0.000000000000   -0.000000000000    0.000968190612    0.000000000000   -0.000000000000   -0.024584324593    0.000000000000    0.000000000000    0.000000000000    0.000000000000    0.004631388402    0.000000000000    0.000000000000    0.000000000000   -0.000000000000   -0.000000000000    0.024278276470   -0.000000000000   -0.000000000000   -0.000000000000
  -0.000000000000   -0.000000000000   -0.000000000000    0.000000000000    0.000000000000    0.000000000000   -0.001187889471   -0.000000000000   -0.000000000000   -0.009864521907   -0.000000000000   -0.000000000000   -0.005635030192   -0.000000000000   -0.000000000000    0.000000000000    0.000000000000    0.000000000000    0.011312352967   -0.000000000000    0.000000000000    0.000000000000    0.000000000000    0.012834103672   -0.000000000000   -0.000000000000   -0.000000000000   -0.000000000000   -0.000000000000   -0.012009697954    0.000000000000   -0.000000000000
   0.000000000000    0.000000000000    0.000000000000   -0.000000000000   -0.000000000000   -0.000000000000    0.000000000000   -0.000000000000    0.000000000000    0.000000000000    0.000000000000    0.000000000000   -0.000000000000    0.000000000000   -0.000000000000   -0.000000000000    0.000000000000   -0.000000000000    0.000000000000   -0.001780450125   -0.000000000000    0.000000000000    0.000000000000    0.000000000000   -0.007487121071    0.000000000000    0.000000000000    0.000000000000   -0.000000000000    0.000000000000    0.002108746444    0.000000000000
  -0.000000000000   -0.000000000000   -0.000000000000    0.000000000000    0.000000000000   -0.000000000000   -0.000000000000    0.000000000000   -0.000000000000   -0.000000000000    0.000000000000   -0.000000000000    0.000000000000   -0.000000000000    0.000000000000    0.000000000000   -0.000000000000    0.000000000000    0.000000000000   -0.000000000000    0.000000000000    0.000000000000   -0.000000000000   -0.000000000000   -0.000000000000   -0.000000000000   -0.000000000000    0.000000000000    0.000000000000   -0.000000000000    0.000000000000   -0.000117667115
