  -0.000013849150   -0.000038001231   -0.000060060438    0.000090675476    0.155627001032    1.050107501609    0.000000000000    0.000000000000   -0.000041175116   -0.000000000000    0.000000000000   -0.007424377678   -0.000000000000    0.000000000000   -2.468533748403   -0.000000000000    0.000000000000    0.000575092248   -0.000000000000    0.000000000000   -0.000000000000   -0.000000000000    0.919463856781   -0.000000000000   -0.000000000000   -0.000000000000    0.000000000000   -0.000000000000   -0.000071286637    0.000000000000   -0.000000000000   -0.000000000000
  -0.000038001231   -0.000104184050   -0.000163175453    0.000247556519    0.127405856337    0.867471176292    0.000000000000    0.000000000000   -0.000121210795   -0.000000000000    0.000000000000   -0.005825816527   -0.000000000000    0.000000000000   -2.040772069532   -0.000000000000    0.000000000000    0.001044802958   -0.000000000000    0.000000000000   -0.000000000000   -0.000000000000    0.752063688552   -0.000000000000   -0.000000000000   -0.000000000000    0.000000000000   -0.000000000000   -0.000174011176    0.000000000000    0.000000000000   -0.000000000000
  -0.000060060438   -0.000163175453   -0.000235881998    0.000319976865   -0.002092675745    0.095660211160    0.000000000000   -0.000000000000   -0.000245977402   -0.000000000000    0.000000000000    0.008210652353   -0.000000000000   -0.000000000000   -0.254270913114   -0.000000000000    0.000000000000   -0.000385540328   -0.000000000000    0.000000000000   -0.000000000000   -0.000000000000    0.029680026968   -0.000000000000   -0.000000000000   -0.000000000000    0.000000000000   -0.000000000000    0.000545179574    0.000000000000   -0.000000000000   -0.000000000000
   0.000090675476    0.000247556519    0.000319976865   -0.001552060040   -0.054105224279   -0.140221344984   -0.000000000000   -0.000000000000    0.001128201487    0.000000000000   -0.000000000000    0.026237529622    0.000000000000   -0.000000000000    0.265038039966    0.000000000000   -0.000000000000   -0.010069736614    0.000000000000   -0.000000000000   -0.000000000000    0.000000000000   -0.187841655334    0.000000000000    0.000000000000    0.000000000000   -0.000000000000   -0.000000000000    0.005878756252   -0.000000000000   -0.000000000000    0.000000000000
   0.155627001032    0.127405856337   -0.002092675745   -0.054105224279   -0.134097290392   -0.245799940631   -0.000000000000    0.000000000000    0.072572398964    0.000000000000    0.000000000000    0.097729505958    0.000000000000   -0.000000000000    0.392145648331    0.000000000000   -0.000000000000   -0.052012952108    0.000000000000   -0.000000000000   -0.000000000000    0.000000000000   -0.201913224857    0.000000000000    0.000000000000    0.000000000000    0.000000000000    0.000000000000    0.011040335074   -0.000000000000    0.000000000000    0.000000000000
   1.050107501609    0.867471176292    0.095660211160   -0.140221344984   -0.245799940631   -0.276102981377   -0.000000000000    0.000000000000    0.127063811781    0.000000000000    0.000000000000    0.121444699593    0.000000000000    0.000000000000    0.269273965018    0.000000000000   -0.000000000000   -0.030498095985    0.000000000000   -0.000000000000   -0.000000000000   -0.000000000000   -0.140114242599    0.000000000000    0.000000000000    0.000000000000    0.000000000000    0.000000000000    0.005074706513   -0.000000000000    0.000000000000    0.000000000000
   0.000000000000    0.000000000000    0.000000000000   -0.000000000000   -0.000000000000   -0.000000000000    0.000162007797   -0.000000000000   -0.000000000000   -0.003005660753   -0.000000000000   -0.000000000000   -0.101958785940   -0.000000000000    0.000000000000    0.000000000000   -0.000000000000    0.000000000000    0.000483105909   -0.000000000000    0.000000000000    0.000000000000   -0.000000000000    0.085240492214    0.000000000000   -0.000000000000   -0.000000000000    0.000000000000   -0.000000000000   -0.001185990149    0.000000000000   -0.000000000000
   0.000000000000    0.000000000000    0.000000000000   -0.000000000000   -0.000000000000   -0.000000000000   -0.000000000000    0.000162007797    0.000000000000   -0.000000000000   -0.003005660753    0.000000000000    0.000000000000   -0.101958785940    0.000000000000   -0.000000000000    0.000483105909   -0.000000000000   -0.000000000000    0.000000000000    0.000000000000    0.085240492214   -0.000000000000    0.000000000000   -0.000000000000    0.000000000000    0.000000000000   -0.001185990149    0.000000000000    0.000000000000   -0.000000000000    0.000000000000
   0.000041175116    0.000121210795    0.000245977402   -0.001128201487   -0.072572398964   -0.127063811781    0.000000000000   -0.000000000000    0.000285834964    0.000000000000   -0.000000000000    0.033796378009    0.000000000000   -0.000000000000    0.205797058326   -0.000000000000    0.000000000000   -0.009077894235   -0.000000000000    0.000000000000   -0.000000000000    0.000000000000   -0.291838515832   -0.000000000000    0.000000000000    0.000000000000   -0.000000000000   -0.000000000000    0.006902628949    0.000000000000   -0.000000000000    0.000000000000
  -0.000000000000   -0.000000000000   -0.000000000000    0.000000000000    0.000000000000    0.000000000000   -0.003005660753   -0.000000000000    0.000000000000   -0.012462925695   -0.000000000000    0.000000000000   -0.084645113897   -0.000000000000    0.000000000000   -0.000000000000   -0.000000000000   -0.000000000000    0.014197636973    0.000000000000   -0.000000000000    0.000000000000   -0.000000000000    0.079288727260    0.000000000000   -0.000000000000   -0.000000000000    0.000000000000    0.000000000000   -0.009828203427    0.000000000000    0.000000000000
   0.000000000000    0.000000000000    0.000000000000   -0.000000000000   -0.000000000000   -0.000000000000   -0.000000000000   -0.003005660753   -0.000000000000   -0.000000000000   -0.012462925695    0.000000000000   -0.000000000000   -0.084645113897    0.000000000000   -0.000000000000    0.014197636973    0.000000000000   -0.000000000000    0.000000000000   -0.000000000000    0.079288727260   -0.000000000000    0.000000000000   -0.000000000000    0.000000000000    0.000000000000   -0.009828203427    0.000000000000    0.000000000000   -0.000000000000    0.000000000000
   0.007424377678    0.005825816527   -0.008210652353   -0.026237529622   -0.097729505958   -0.121444699593   -0.000000000000    0.000000000000    0.033796378009   -0.000000000000   -0.000000000000    0.085445499997    0.000000000000   -0.000000000000    0.144056543285    0.000000000000   -0.000000000000   -0.057963458803    0.000000000000   -0.000000000000    0.000000000000    0.000000000000   -0.193480145667    0.000000000000    0.000000000000    0.000000000000   -0.000000000000    0.000000000000    0.027119235602   -0.000000000000   -0.000000000000    0.000000000000
  -0.000000000000   -0.000000000000   -0.000000000000    0.000000000000    0.000000000000    0.000000000000   -0.101958785940   -0.000000000000    0.000000000000   -0.084645113897   -0.000000000000    0.000000000000   -0.023355728657   -0.000000000000    0.000000000000   -0.000000000000    0.000000000000   -0.000000000000    0.048151290228    0.000000000000   -0.000000000000    0.000000000000   -0.000000000000    0.019212801879    0.000000000000    0.000000000000   -0.000000000000   -0.000000000000    0.000000000000   -0.005560452980   -0.000000000000    0.000000000000
  -0.000000000000   -0.000000000000   -0.000000000000    0.000000000000    0.000000000000    0.000000000000   -0.000000000000   -0.101958785940   -0.000000000000   -0.000000000000   -0.084645113897   -0.000000000000   -0.000000000000   -0.023355728657    0.000000000000   -0.000000000000    0.048151290228   -0.000000000000   -0.000000000000    0.000000000000   -0.000000000000    0.019212801879   -0.000000000000    0.000000000000    0.000000000000   -0.000000000000    0.000000000000   -0.005560452980    0.000000000000   -0.000000000000   -0.000000000000   -0.000000000000
   2.468533748403    2.040772069532    0.254270913114   -0.265038039966   -0.392145648332   -0.269273965018   -0.000000000000    0.000000000000    0.205797058325    0.000000000000    0.000000000000    0.144056543285    0.000000000000    0.000000000000   -0.004332479947    0.000000000000   -0.000000000000   -0.017378873929    0.000000000000   -0.000000000000    0.000000000000   -0.000000000000   -0.058406635060    0.000000000000    0.000000000000    0.000000000000    0.000000000000    0.000000000000    0.000900876703   -0.000000000000    0.000000000000    0.000000000000
   0.000000000000    0.000000000000    0.000000000000   -0.000000000000   -0.000000000000   -0.000000000000   -0.000000000000   -0.000000000000   -0.000000000000    0.000000000000    0.000000000000   -0.000000000000    0.000000000000    0.000000000000    0.000000000000   -0.000163964940    0.000000000000    0.000000000000   -0.000000000000    0.000000000000   -0.015444681214   -0.000000000000   -0.000000000000   -0.000000000000    0.000000000000    0.000000000000    0.001779076689   -0.000000000000   -0.000000000000    0.000000000000   -0.000000000000    0.000000000000
   0.000000000000    0.000000000000    0.000000000000   -0.000000000000   -0.000000000000   -0.000000000000    0.000000000000   -0.000483105909   -0.000000000000   -0.000000000000   -0.014197636973    0.000000000000   -0.000000000000   -0.048151290228    0.000000000000   -0.000000000000    0.006739967134   -0.000000000000   -0.000000000000   -0.000000000000    0.000000000000    0.082424796917    0.000000000000    0.000000000000    0.000000000000   -0.000000000000    0.000000000000   -0.011292005925    0.000000000000    0.000000000000   -0.000000000000    0.000000000000
   0.000575092248    0.001044802958   -0.000385540328   -0.010069736614   -0.052012952108   -0.030498095984   -0.000000000000    0.000000000000    0.009077894235    0.000000000000   -0.000000000000    0.057963458804   -0.000000000000   -0.000000000000    0.017378873932   -0.000000000000    0.000000000000   -0.029415126731   -0.000000000000   -0.000000000000   -0.000000000000    0.000000000000   -0.092723485610   -0.000000000000    0.000000000000    0.000000000000    0.000000000000    0.000000000000    0.024515852503    0.000000000000    0.000000000000    0.000000000000
  -0.000000000000   -0.000000000000   -0.000000000000    0.000000000000    0.000000000000    0.000000000000   -0.000483105909   -0.000000000000    0.000000000000   -0.014197636973    0.000000000000   -0.000000000000   -0.048151290228   -0.000000000000   -0.000000000000    0.000000000000   -0.000000000000    0.000000000000    0.006739967134   -0.000000000000    0.000000000000   -0.000000000000   -0.000000000000    0.082424796917   -0.000000000000   -0.000000000000   -0.000000000000    0.000000000000   -0.000000000000   -0.011292005925    0.000000000000    0.000000000000
  -0.000000000000   -0.000000000000   -0.000000000000    0.000000000000    0.000000000000    0.000000000000    0.000000000000   -0.000000000000    0.000000000000    0.000000000000    0.000000000000   -0.000000000000    0.000000000000    0.000000000000   -0.000000000000    0.000000000000   -0.000000000000   -0.000000000000   -0.000000000000   -0.000163964940   -0.000000000000    0.000000000000    0.000000000000   -0.000000000000   -0.015444681214   -0.000000000000   -0.000000000000    0.000000000000   -0.000000000000   -0.000000000000    0.001779076689    0.000000000000
  -0.000000000000   -0.000000000000   -0.000000000000    0.000000000000    0.000000000000    0.000000000000    0.000000000000   -0.000000000000    0.000000000000    0.000000000000    0.000000000000    0.000000000000    0.000000000000    0.000000000000    0.000000000000   -0.015444681214   -0.000000000000   -0.000000000000   -0.000000000000   -0.000000000000   -0.006060280274   -0.000000000000    0.000000000000   -0.000000000000   -0.000000000000    0.000000000000    0.007401723066    0.000000000000   -0.000000000000    0.000000000000   -0.000000000000    0.000000000000
   0.000000000000    0.000000000000    0.000000000000   -0.000000000000   -0.000000000000   -0.000000000000   -0.000000000000   -0.085240492214   -0.000000000000   -0.000000000000   -0.079288727260    0.000000000000   -0.000000000000   -0.019212801879    0.000000000000   -0.000000000000    0.082424796917   -0.000000000000   -0.000000000000    0.000000000000   -0.000000000000   -0.010087190364    0.000000000000    0.000000000000    0.000000000000   -0.000000000000    0.000000000000   -0.012497028819    0.000000000000   -0.000000000000   -0.000000000000    0.000000000000
   0.919463856781    0.752063688552    0.029680026968   -0.187841655334   -0.201913224857   -0.140114242599   -0.000000000000    0.000000000000    0.291838515833   -0.000000000000    0.000000000000    0.193480145667    0.000000000000   -0.000000000000    0.058406635060    0.000000000000   -0.000000000000   -0.092723485608    0.000000000000   -0.000000000000    0.000000000000   -0.000000000000    0.018200038344    0.000000000000    0.000000000000    0.000000000000   -0.000000000000    0.000000000000   -0.004991017709   -0.000000000000    0.000000000000    0.000000000000
  -0.000000000000   -0.000000000000   -0.000000000000    0.000000000000    0.000000000000    0.000000000000   -0.085240492214   -0.000000000000    0.000000000000   -0.079288727260   -0.000000000000    0.000000000000   -0.019212801879   -0.000000000000    0.000000000000   -0.000000000000    0.000000000000   -0.000000000000    0.082424796917    0.000000000000    0.000000000000    0.000000000000   -0.000000000000   -0.010087190364    0.000000000000    0.000000000000   -0.000000000000   -0.000000000000   -0.000000000000   -0.012497028819    0.000000000000    0.000000000000
   0.000000000000    0.000000000000    0.000000000000   -0.000000000000   -0.000000000000   -0.000000000000   -0.000000000000    0.000000000000    0.000000000000    0.000000000000    0.000000000000   -0.000000000000    0.000000000000    0.000000000000   -0.000000000000   -0.000000000000    0.000000000000    0.000000000000    0.000000000000   -0.015444681214   -0.000000000000    0.000000000000    0.000000000000    0.000000000000   -0.006060280274   -0.000000000000    0.000000000000    0.000000000000   -0.000000000000   -0.000000000000    0.007401723066    0.000000000000
   0.000000000000    0.000000000000    0.000000000000    0.000000000000    0.000000000000    0.000000000000    0.000000000000    0.000000000000   -0.000000000000    0.000000000000    0.000000000000   -0.000000000000    0.000000000000    0.000000000000   -0.000000000000    0.000000000000    0.000000000000    0.000000000000   -0.000000000000   -0.000000000000    0.000000000000    0.000000000000    0.000000000000   -0.000000000000    0.000000000000   -0.000117444331   -0.000000000000    0.000000000000    0.000000000000    0.000000000000    0.000000000000   -0.000000000000
   0.000000000000    0.000000000000    0.000000000000   -0.000000000000   -0.000000000000   -0.000000000000   -0.000000000000    0.000000000000   -0.000000000000   -0.000000000000    0.000000000000   -0.000000000000    0.000000000000    0.000000000000    0.000000000000   -0.001779076689    0.000000000000    0.000000000000    0.000000000000    0.000000000000   -0.007401723066    0.000000000000   -0.000000000000    0.000000000000    0.000000000000    0.000000000000    0.002106295009   -0.000000000000    0.000000000000   -0.000000000000    0.000000000000    0.000000000000
   0.000000000000    0.000000000000    0.000000000000   -0.000000000000   -0.000000000000   -0.000000000000    0.000000000000   -0.001185990149    0.000000000000   -0.000000000000   -0.009828203427    0.000000000000   -0.000000000000   -0.005560452980    0.000000000000    0.000000000000    0.011292005925   -0.000000000000    0.000000000000   -0.000000000000    0.000000000000    0.012497028819   -0.000000000000    0.000000000000    0.000000000000   -0.000000000000    0.000000000000   -0.011990412248    0.000000000000   -0.000000000000   -0.000000000000    0.000000000000
   0.000071286637    0.000174011176   -0.000545179574   -0.005878756252   -0.011040335074   -0.005074706513   -0.000000000000    0.000000000000    0.006902628949   -0.000000000000    0.000000000000    0.027119235603   -0.000000000000    0.000000000000    0.000900876702   -0.000000000000   -0.000000000000   -0.024515852504   -0.000000000000   -0.000000000000   -0.000000000000   -0.000000000000    0.004991017709   -0.000000000000   -0.000000000000   -0.000000000000    0.000000000000    0.000000000000    0.024218482486   -0.000000000000    0.000000000000   -0.000000000000
   0.000000000000   -0.000000000000   -0.000000000000   -0.000000000000    0.000000000000    0.000000000000   -0.001185990149   -0.000000000000    0.000000000000   -0.009828203427   -0.000000000000   -0.000000000000   -0.005560452980   -0.000000000000   -0.000000000000    0.000000000000   -0.000000000000    0.000000000000    0.011292005925    0.000000000000   -0.000000000000   -0.000000000000    0.000000000000    0.012497028819    0.000000000000    0.000000000000   -0.000000000000    0.000000000000   -0.000000000000   -0.011990412248    0.000000000000   -0.000000000000
  -0.000000000000   -0.000000000000   -0.000000000000    0.000000000000    0.000000000000    0.000000000000    0.000000000000    0.000000000000   -0.000000000000    0.000000000000    0.000000000000   -0.000000000000    0.000000000000    0.000000000000   -0.000000000000   -0.000000000000   -0.000000000000   -0.000000000000   -0.000000000000   -0.001779076689   -0.000000000000   -0.000000000000    0.000000000000   -0.000000000000   -0.007401723066   -0.000000000000   -0.000000000000    0.000000000000    0.000000000000    0.000000000000    0.002106295009   -0.000000000000
   0.000000000000    0.000000000000    0.000000000000   -0.000000000000   -0.000000000000   -0.000000000000    0.000000000000   -0.000000000000   -0.000000000000    0.000000000000   -0.000000000000    0.000000000000    0.000000000000    0.000000000000    0.000000000000    0.000000000000   -0.000000000000    0.000000000000   -0.000000000000   -0.000000000000   -0.000000000000   -0.000000000000   -0.000000000000   -0.000000000000    0.000000000000    0.000000000000   -0.000000000000    0.000000000000    0.000000000000    0.000000000000   -0.000000000000   -0.000117444331
