  -0.000014290239   -0.000039202372   -0.000061968950    0.000093043278    0.155631523534    1.050061681636    0.000000000000    0.000000000000   -0.000042004198    0.000000000000    0.000000000000   -0.007424993921   -0.000000000000   -0.000000000000   -2.468391579374   -0.000000000000    0.000000000000    0.000575841746   -0.000000000000   -0.000000000000    0.000000000000    0.000000000000    0.919413747936    0.000000000000   -0.000000000000    0.000000000000    0.000000000000   -0.000000000000   -0.000071201689   -0.000000000000    0.000000000000   -0.000000000000
  -0.000039202386   -0.000107455426   -0.000168377373    0.000254002888    0.127427134742    0.867407319505    0.000000000000    0.000000000000   -0.000123449152    0.000000000000    0.000000000000   -0.005827960659   -0.000000000000   -0.000000000000   -2.040528338050   -0.000000000000    0.000000000000    0.001046870766   -0.000000000000    0.000000000000    0.000000000000    0.000000000000    0.751980303968    0.000000000000   -0.000000000000    0.000000000000    0.000000000000   -0.000000000000   -0.000173798688   -0.000000000000    0.000000000000   -0.000000000000
  -0.000061969089   -0.000168377692   -0.000244146108    0.000330255094   -0.002086339993    0.095426569322    0.000000000000    0.000000000000   -0.000249473701    0.000000000000    0.000000000000    0.008211803068   -0.000000000000   -0.000000000000   -0.253588196404   -0.000000000000    0.000000000000   -0.000382532530   -0.000000000000    0.000000000000    0.000000000000    0.000000000000    0.029407150263    0.000000000000   -0.000000000000    0.000000000000    0.000000000000   -0.000000000000    0.000545472852   -0.000000000000    0.000000000000   -0.000000000000
   0.000093043444    0.000254003257    0.000330254960   -0.001565539209   -0.054284922691   -0.140749585085   -0.000000000000   -0.000000000000    0.001132751502   -0.000000000000   -0.000000000000    0.026275988568   -0.000000000000    0.000000000000    0.266020349999    0.000000000000   -0.000000000000   -0.010081642044    0.000000000000   -0.000000000000   -0.000000000000   -0.000000000000   -0.188343895629    0.000000000000   -0.000000000000   -0.000000000000   -0.000000000000    0.000000000000    0.005883105728    0.000000000000   -0.000000000000    0.000000000000
   0.155631530144    0.127427151243   -0.002086313520   -0.054284932327   -0.135015803677   -0.247257585654    0.000000000000   -0.000000000000    0.072675180797   -0.000000000000   -0.000000000000    0.098170743464    0.000000000000    0.000000000000    0.393893876267    0.000000000000   -0.000000000000   -0.052191702783    0.000000000000   -0.000000000000   -0.000000000000   -0.000000000000   -0.202963866268    0.000000000000    0.000000000000   -0.000000000000   -0.000000000000    0.000000000000    0.011114339156    0.000000000000   -0.000000000000    0.000000000000
   1.050061701207    0.867407365357    0.095426659012   -0.140749579537   -0.247257703172   -0.278126104314    0.000000000000   -0.000000000000    0.127214391078    0.000000000000    0.000000000000    0.122087423455    0.000000000000    0.000000000000    0.271232589582    0.000000000000    0.000000000000   -0.030674584077    0.000000000000   -0.000000000000   -0.000000000000    0.000000000000   -0.140755737853    0.000000000000    0.000000000000   -0.000000000000   -0.000000000000    0.000000000000    0.005109290515    0.000000000000   -0.000000000000    0.000000000000
   0.000000000000    0.000000000000   -0.000000000000    0.000000000000   -0.000000000000   -0.000000000000    0.000161313638    0.000000000000    0.000000000000   -0.003010959764    0.000000000000   -0.000000000000   -0.102091144696   -0.000000000000    0.000000000000    0.000000000000   -0.000000000000    0.000000000000    0.000486726130   -0.000000000000    0.000000000000   -0.000000000000   -0.000000000000    0.085346522948   -0.000000000000    0.000000000000   -0.000000000000    0.000000000000   -0.000000000000   -0.001187671200    0.000000000000   -0.000000000000
   0.000000000000    0.000000000000   -0.000000000000    0.000000000000    0.000000000000    0.000000000000    0.000000000000    0.000161313638    0.000000000000    0.000000000000   -0.003010959764   -0.000000000000    0.000000000000   -0.102091144696    0.000000000000    0.000000000000    0.000486726130    0.000000000000    0.000000000000   -0.000000000000    0.000000000000    0.085346522948   -0.000000000000   -0.000000000000    0.000000000000   -0.000000000000   -0.000000000000   -0.001187671200   -0.000000000000    0.000000000000    0.000000000000   -0.000000000000
   0.000042003254    0.000123446532    0.000249469097   -0.001132745562   -0.072675146381   -0.127214364261    0.000000000000   -0.000000000000    0.000288317927   -0.000000000000   -0.000000000000    0.033824778157   -0.000000000000   -0.000000000000    0.205978641835   -0.000000000000   -0.000000000000   -0.009084590678    0.000000000000    0.000000000000    0.000000000000   -0.000000000000   -0.292207846785    0.000000000000   -0.000000000000    0.000000000000    0.000000000000    0.000000000000    0.006905410279   -0.000000000000   -0.000000000000   -0.000000000000
  -0.000000000000   -0.000000000000   -0.000000000000    0.000000000000    0.000000000000    0.000000000000   -0.003010961203    0.000000000000    0.000000000000   -0.012511906258    0.000000000000    0.000000000000   -0.085095036663   -0.000000000000    0.000000000000   -0.000000000000    0.000000000000   -0.000000000000    0.014214563441    0.000000000000   -0.000000000000    0.000000000000   -0.000000000000    0.079701174232    0.000000000000    0.000000000000    0.000000000000   -0.000000000000    0.000000000000   -0.009851828145   -0.000000000000    0.000000000000
   0.000000000000   -0.000000000000   -0.000000000000    0.000000000000    0.000000000000    0.000000000000    0.000000000000   -0.003010961203    0.000000000000    0.000000000000   -0.012511906258   -0.000000000000    0.000000000000   -0.085095036663    0.000000000000   -0.000000000000    0.014214563441    0.000000000000   -0.000000000000    0.000000000000    0.000000000000    0.079701174232   -0.000000000000   -0.000000000000    0.000000000000   -0.000000000000    0.000000000000   -0.009851828145   -0.000000000000    0.000000000000   -0.000000000000    0.000000000000
   0.007425001364    0.005827980669   -0.008211772582   -0.026276024210   -0.098170947461   -0.122087654376    0.000000000000   -0.000000000000    0.033824799626   -0.000000000000   -0.000000000000    0.085820220939   -0.000000000000   -0.000000000000    0.145090169906    0.000000000000   -0.000000000000   -0.058095662205    0.000000000000   -0.000000000000    0.000000000000   -0.000000000000   -0.194674748146    0.000000000000   -0.000000000000   -0.000000000000   -0.000000000000    0.000000000000    0.027226334235   -0.000000000000   -0.000000000000    0.000000000000
  -0.000000000000   -0.000000000000   -0.000000000000    0.000000000000    0.000000000000    0.000000000000   -0.102091135695   -0.000000000000   -0.000000000000   -0.085095025384   -0.000000000000    0.000000000000   -0.024920727489    0.000000000000    0.000000000000   -0.000000000000    0.000000000000   -0.000000000000    0.048257803203    0.000000000000   -0.000000000000    0.000000000000   -0.000000000000    0.020092148935    0.000000000000   -0.000000000000    0.000000000000   -0.000000000000    0.000000000000   -0.005605324534   -0.000000000000   -0.000000000000
  -0.000000000000   -0.000000000000   -0.000000000000    0.000000000000    0.000000000000    0.000000000000    0.000000000000   -0.102091135695    0.000000000000    0.000000000000   -0.085095025384    0.000000000000   -0.000000000000   -0.024920727489    0.000000000000   -0.000000000000    0.048257803203   -0.000000000000   -0.000000000000    0.000000000000   -0.000000000000    0.020092148935   -0.000000000000   -0.000000000000    0.000000000000    0.000000000000    0.000000000000   -0.005605324534   -0.000000000000    0.000000000000   -0.000000000000    0.000000000000
   2.468391626887    2.040528450922    0.253588421436   -0.266020368330   -0.393894595930   -0.271233413384    0.000000000000   -0.000000000000    0.205978634216    0.000000000000    0.000000000000    0.145090182857   -0.000000000000    0.000000000000   -0.002275155988    0.000000000000    0.000000000000   -0.017540851553    0.000000000000   -0.000000000000    0.000000000000    0.000000000000   -0.058892668517    0.000000000000   -0.000000000000   -0.000000000000   -0.000000000000   -0.000000000000    0.000954179359   -0.000000000000   -0.000000000000    0.000000000000
   0.000000000000   -0.000000000000    0.000000000000    0.000000000000   -0.000000000000   -0.000000000000   -0.000000000000   -0.000000000000   -0.000000000000    0.000000000000    0.000000000000    0.000000000000    0.000000000000    0.000000000000    0.000000000000   -0.000167765715   -0.000000000000    0.000000000000    0.000000000000   -0.000000000000   -0.015482622026   -0.000000000000   -0.000000000000   -0.000000000000    0.000000000000   -0.000000000000    0.001780112277   -0.000000000000   -0.000000000000   -0.000000000000    0.000000000000    0.000000000000
   0.000000000000    0.000000000000    0.000000000000   -0.000000000000    0.000000000000    0.000000000000   -0.000000000000   -0.000486727269    0.000000000000    0.000000000000   -0.014214560051   -0.000000000000    0.000000000000   -0.048257811354   -0.000000000000    0.000000000000    0.006761217094    0.000000000000    0.000000000000   -0.000000000000   -0.000000000000    0.082683930893    0.000000000000   -0.000000000000   -0.000000000000   -0.000000000000    0.000000000000   -0.011305147261   -0.000000000000   -0.000000000000    0.000000000000   -0.000000000000
   0.000575841366    0.001046869606   -0.000382535384   -0.010081638557   -0.052191671681   -0.030674523547    0.000000000000   -0.000000000000    0.009084595177   -0.000000000000   -0.000000000000    0.058095639038   -0.000000000000   -0.000000000000    0.017540750144   -0.000000000000   -0.000000000000   -0.029440853011    0.000000000000    0.000000000000    0.000000000000    0.000000000000   -0.093188992290    0.000000000000   -0.000000000000   -0.000000000000    0.000000000000    0.000000000000    0.024557533891    0.000000000000   -0.000000000000   -0.000000000000
  -0.000000000000   -0.000000000000   -0.000000000000    0.000000000000    0.000000000000    0.000000000000   -0.000486727269    0.000000000000   -0.000000000000   -0.014214560051   -0.000000000000    0.000000000000   -0.048257811354   -0.000000000000    0.000000000000    0.000000000000    0.000000000000   -0.000000000000    0.006761217094   -0.000000000000    0.000000000000   -0.000000000000   -0.000000000000    0.082683930893   -0.000000000000   -0.000000000000    0.000000000000    0.000000000000    0.000000000000   -0.011305147261    0.000000000000   -0.000000000000
  -0.000000000000   -0.000000000000    0.000000000000   -0.000000000000    0.000000000000    0.000000000000    0.000000000000    0.000000000000    0.000000000000   -0.000000000000   -0.000000000000   -0.000000000000   -0.000000000000   -0.000000000000   -0.000000000000   -0.000000000000    0.000000000000    0.000000000000   -0.000000000000   -0.000167765715    0.000000000000    0.000000000000    0.000000000000    0.000000000000   -0.015482622026   -0.000000000000    0.000000000000   -0.000000000000    0.000000000000    0.000000000000    0.001780112277    0.000000000000
  -0.000000000000   -0.000000000000   -0.000000000000    0.000000000000    0.000000000000    0.000000000000   -0.000000000000   -0.000000000000   -0.000000000000    0.000000000000    0.000000000000    0.000000000000    0.000000000000    0.000000000000   -0.000000000000   -0.015482625171    0.000000000000   -0.000000000000    0.000000000000    0.000000000000   -0.006394154887    0.000000000000   -0.000000000000   -0.000000000000    0.000000000000   -0.000000000000    0.007455519713   -0.000000000000    0.000000000000   -0.000000000000   -0.000000000000    0.000000000000
   0.000000000000    0.000000000000   -0.000000000000   -0.000000000000    0.000000000000    0.000000000000    0.000000000000   -0.085346520376    0.000000000000    0.000000000000   -0.079701176302    0.000000000000    0.000000000000   -0.020092190326   -0.000000000000   -0.000000000000    0.082683927452   -0.000000000000   -0.000000000000    0.000000000000   -0.000000000000   -0.008705675840    0.000000000000   -0.000000000000    0.000000000000   -0.000000000000    0.000000000000   -0.012705052333   -0.000000000000    0.000000000000    0.000000000000    0.000000000000
   0.919413765626    0.751980345828    0.029407237208   -0.188343881114   -0.202964049170   -0.140755921195    0.000000000000    0.000000000000    0.292207829563   -0.000000000000    0.000000000000    0.194674697447   -0.000000000000   -0.000000000000    0.058892551761    0.000000000000    0.000000000000   -0.093189018366   -0.000000000000   -0.000000000000    0.000000000000    0.000000000000    0.017188675867    0.000000000000   -0.000000000000   -0.000000000000   -0.000000000000   -0.000000000000   -0.004770165931   -0.000000000000   -0.000000000000    0.000000000000
  -0.000000000000   -0.000000000000   -0.000000000000    0.000000000000   -0.000000000000   -0.000000000000   -0.085346520376   -0.000000000000   -0.000000000000   -0.079701176302    0.000000000000    0.000000000000   -0.020092190326   -0.000000000000    0.000000000000   -0.000000000000    0.000000000000    0.000000000000    0.082683927452    0.000000000000   -0.000000000000   -0.000000000000   -0.000000000000   -0.008705675840    0.000000000000   -0.000000000000    0.000000000000    0.000000000000    0.000000000000   -0.012705052333   -0.000000000000    0.000000000000
  -0.000000000000   -0.000000000000   -0.000000000000    0.000000000000    0.000000000000    0.000000000000    0.000000000000    0.000000000000    0.000000000000   -0.000000000000   -0.000000000000   -0.000000000000   -0.000000000000   -0.000000000000   -0.000000000000   -0.000000000000   -0.000000000000   -0.000000000000   -0.000000000000   -0.015482625171    0.000000000000   -0.000000000000   -0.000000000000    0.000000000000   -0.006394154887   -0.000000000000    0.000000000000    0.000000000000    0.000000000000    0.000000000000    0.007455519713    0.000000000000
   0.000000000000   -0.000000000000   -0.000000000000    0.000000000000    0.000000000000    0.000000000000    0.000000000000    0.000000000000    0.000000000000    0.000000000000    0.000000000000   -0.000000000000    0.000000000000    0.000000000000   -0.000000000000   -0.000000000000   -0.000000000000   -0.000000000000   -0.000000000000   -0.000000000000    0.000000000000   -0.000000000000   -0.000000000000   -0.000000000000    0.000000000000   -0.000117632650   -0.000000000000    0.000000000000    0.000000000000    0.000000000000    0.000000000000    0.000000000000
  -0.000000000000   -0.000000000000   -0.000000000000    0.000000000000    0.000000000000    0.000000000000   -0.000000000000   -0.000000000000   -0.000000000000    0.000000000000    0.000000000000   -0.000000000000    0.000000000000    0.000000000000   -0.000000000000   -0.001780113489   -0.000000000000   -0.000000000000    0.000000000000   -0.000000000000   -0.007455525512   -0.000000000000    0.000000000000   -0.000000000000   -0.000000000000   -0.000000000000    0.002108026519   -0.000000000000    0.000000000000   -0.000000000000    0.000000000000    0.000000000000
   0.000000000000    0.000000000000    0.000000000000   -0.000000000000   -0.000000000000   -0.000000000000   -0.000000000000   -0.001187672271   -0.000000000000    0.000000000000   -0.009851830534   -0.000000000000    0.000000000000   -0.005605322729    0.000000000000   -0.000000000000    0.011305151549    0.000000000000   -0.000000000000   -0.000000000000   -0.000000000000    0.012705068939    0.000000000000   -0.000000000000   -0.000000000000   -0.000000000000    0.000000000000   -0.012002428270   -0.000000000000    0.000000000000    0.000000000000   -0.000000000000
   0.000071202748    0.000173801521   -0.000545468865   -0.005883111516   -0.011114367793   -0.005109308785    0.000000000000    0.000000000000    0.006905414942   -0.000000000000    0.000000000000    0.027226344422   -0.000000000000   -0.000000000000    0.000954159348   -0.000000000000    0.000000000000   -0.024557543170    0.000000000000    0.000000000000    0.000000000000    0.000000000000    0.004770164463    0.000000000000    0.000000000000   -0.000000000000    0.000000000000   -0.000000000000    0.024255439443   -0.000000000000   -0.000000000000    0.000000000000
  -0.000000000000   -0.000000000000   -0.000000000000   -0.000000000000   -0.000000000000   -0.000000000000   -0.001187672271    0.000000000000   -0.000000000000   -0.009851830534    0.000000000000    0.000000000000   -0.005605322729    0.000000000000    0.000000000000    0.000000000000   -0.000000000000   -0.000000000000    0.011305151549   -0.000000000000   -0.000000000000   -0.000000000000   -0.000000000000    0.012705068939   -0.000000000000   -0.000000000000    0.000000000000    0.000000000000    0.000000000000   -0.012002428270    0.000000000000   -0.000000000000
  -0.000000000000   -0.000000000000   -0.000000000000    0.000000000000    0.000000000000   -0.000000000000    0.000000000000   -0.000000000000    0.000000000000   -0.000000000000   -0.000000000000   -0.000000000000   -0.000000000000   -0.000000000000    0.000000000000   -0.000000000000    0.000000000000   -0.000000000000   -0.000000000000   -0.001780113489   -0.000000000000    0.000000000000   -0.000000000000    0.000000000000   -0.007455525512   -0.000000000000    0.000000000000   -0.000000000000    0.000000000000    0.000000000000    0.002108026519    0.000000000000
   0.000000000000    0.000000000000    0.000000000000   -0.000000000000   -0.000000000000   -0.000000000000    0.000000000000   -0.000000000000   -0.000000000000    0.000000000000   -0.000000000000    0.000000000000   -0.000000000000   -0.000000000000    0.000000000000    0.000000000000    0.000000000000    0.000000000000    0.000000000000   -0.000000000000    0.000000000000    0.000000000000   -0.000000000000    0.000000000000   -0.000000000000   -0.000000000000   -0.000000000000   -0.000000000000   -0.000000000000   -0.000000000000    0.000000000000   -0.000117632650
