  -0.000040227894   -0.000110184715   -0.000177212004    0.000239380656    0.156563865343    1.051094494294   -0.000000000000    0.000000000000   -0.000068102442   -0.000000000000    0.000000000000   -0.007726150244   -0.000000000000    0.000000000000   -2.468800467154    0.000000000001    0.000000000000    0.000629879281    0.000000000000    0.000000000001    0.000000000001    0.000000000000    0.919672512566    0.000000000000    0.000000000000    0.000000000000   -0.000000000000    0.000000000000   -0.000099422749   -0.000000000000   -0.000000000000   -0.000000000000
  -0.000110184715   -0.000301727656   -0.000483962466    0.000654561050    0.129983414213    0.870235414469   -0.000000000000    0.000000000000   -0.000193982823   -0.000000000000    0.000000000000   -0.006659988286   -0.000000000000    0.000000000000   -2.041651789976    0.000000000004    0.000000000000    0.001194038072    0.000000000000    0.000000000002    0.000000000002    0.000000000000    0.752696623163    0.000000000000    0.000000000001    0.000000000000   -0.000000000000    0.000000000000   -0.000252003033   -0.000000000000   -0.000000000000   -0.000000000000
  -0.000177212004   -0.000483962464   -0.000758869112    0.000980574714    0.002262416919    0.100361372250   -0.000000000000   -0.000000000000   -0.000352250913   -0.000000000000    0.000000000000    0.006750447328   -0.000000000000    0.000000000000   -0.256015943403    0.000000000006    0.000000000000   -0.000149875808    0.000000000000    0.000000000003    0.000000000004    0.000000000000    0.031352019667    0.000000000000    0.000000000002   -0.000000000000   -0.000000000001    0.000000000000    0.000404416494   -0.000000000000   -0.000000000000   -0.000000000000
   0.000239380655    0.000654561049    0.000980574716   -0.002384655485   -0.058825626464   -0.145337153122   -0.000000000000    0.000000000000    0.001274020963   -0.000000000000    0.000000000000    0.027661697583   -0.000000000000    0.000000000000    0.266442113755   -0.000000000008   -0.000000000000   -0.010241133171   -0.000000000000   -0.000000000004   -0.000000000005   -0.000000000000   -0.186982955027   -0.000000000000   -0.000000000003   -0.000000000000    0.000000000001   -0.000000000000    0.005958249892    0.000000000000    0.000000000001   -0.000000000000
   0.156563865310    0.129983414135    0.002262416787   -0.058825626447   -0.163636124517   -0.277575694719    0.000000000000    0.000000000000    0.072375014346   -0.000000000000   -0.000000000000    0.106026401238   -0.000000000000   -0.000000000000    0.402872013251   -0.000000000039   -0.000000000000   -0.051667598511   -0.000000000000   -0.000000000022   -0.000000000030    0.000000000000   -0.201493084621   -0.000000000000   -0.000000000016   -0.000000000000    0.000000000006   -0.000000000000    0.010883299212    0.000000000000    0.000000000003   -0.000000000000
   1.051094494185    0.870235414226    0.100361371748   -0.145337153288   -0.277575694362   -0.309379154925    0.000000000000   -0.000000000000    0.124878821366    0.000000000000   -0.000000000000    0.130904854469   -0.000000000000   -0.000000000000    0.285632559487   -0.000000000027    0.000000000000   -0.029780491678    0.000000000000   -0.000000000015   -0.000000000029    0.000000000000   -0.139841678456    0.000000000000   -0.000000000016   -0.000000000000    0.000000000008   -0.000000000000    0.005685351856    0.000000000000    0.000000000004    0.000000000000
  -0.000000000000   -0.000000000000   -0.000000000000    0.000000000000   -0.000000000000   -0.000000000000    0.000131149843   -0.000000000000   -0.000000000000   -0.003283671780   -0.000000000001    0.000000000000   -0.102370790609   -0.000000000000    0.000000000000   -0.000000000000    0.000000000000    0.000000000000    0.000603818373    0.000000000000   -0.000000000000    0.000000000000   -0.000000000000    0.085434605953   -0.000000000000   -0.000000000000    0.000000000000   -0.000000000000   -0.000000000000   -0.001273478734    0.000000000000   -0.000000000000
   0.000000000000    0.000000000000    0.000000000000    0.000000000000    0.000000000000    0.000000000000   -0.000000000000    0.000131149843   -0.000000000000   -0.000000000001   -0.003283671778   -0.000000000000   -0.000000000000   -0.102370790609   -0.000000000000   -0.000000000000    0.000603818373    0.000000000000    0.000000000000    0.000000000000    0.000000000000    0.085434605952    0.000000000000    0.000000000000   -0.000000000000   -0.000000000000   -0.000000000000   -0.001273478734   -0.000000000000   -0.000000000000    0.000000000000    0.000000000000
   0.000068102446    0.000193982835    0.000352250934   -0.001274020991   -0.072375014485   -0.124878821476   -0.000000000000   -0.000000000000    0.000429881364    0.000000000000    0.000000000000    0.033522789736   -0.000000000000    0.000000000000    0.199493830340   -0.000000000002   -0.000000000000   -0.009258920071    0.000000000000   -0.000000000001   -0.000000000001   -0.000000000000   -0.288535366758    0.000000000000   -0.000000000001    0.000000000000    0.000000000000    0.000000000000    0.006880347405   -0.000000000000    0.000000000000   -0.000000000000
  -0.000000000000   -0.000000000000   -0.000000000000    0.000000000000   -0.000000000000   -0.000000000000   -0.003283671767   -0.000000000001    0.000000000000   -0.013792501434   -0.000000000004    0.000000000000   -0.086155702726   -0.000000000004    0.000000000000    0.000000000000    0.000000000002   -0.000000000000    0.014577727208   -0.000000000000    0.000000000000    0.000000000004   -0.000000000000    0.079272472963   -0.000000000000   -0.000000000001   -0.000000000000   -0.000000000001   -0.000000000000   -0.009910702250    0.000000000000   -0.000000000001
  -0.000000000000   -0.000000000000   -0.000000000000    0.000000000000    0.000000000000   -0.000000000000   -0.000000000001   -0.003283671766    0.000000000000   -0.000000000004   -0.013792501430   -0.000000000000   -0.000000000004   -0.086155702722    0.000000000000    0.000000000000    0.014577727205   -0.000000000000    0.000000000002   -0.000000000000    0.000000000000    0.079272472958   -0.000000000000    0.000000000004   -0.000000000000   -0.000000000001   -0.000000000000   -0.009910702249   -0.000000000000   -0.000000000001    0.000000000000    0.000000000001
   0.007726150210    0.006659988195   -0.006750447467   -0.027661697423   -0.106026400266   -0.130904853338   -0.000000000000    0.000000000000    0.033522789637   -0.000000000000    0.000000000000    0.089975667940    0.000000000000    0.000000000000    0.153556357140   -0.000000000010   -0.000000000000   -0.056874878082    0.000000000000   -0.000000000005   -0.000000000009   -0.000000000000   -0.190102707435    0.000000000000   -0.000000000005   -0.000000000000    0.000000000003   -0.000000000000    0.026751277067    0.000000000000    0.000000000002   -0.000000000000
  -0.000000000000    0.000000000000    0.000000000000    0.000000000000   -0.000000000000   -0.000000000000   -0.102370790680   -0.000000000000    0.000000000000   -0.086155702879   -0.000000000004   -0.000000000000   -0.024035742228   -0.000000000009    0.000000000000    0.000000000000    0.000000000008    0.000000000000    0.046953227358    0.000000000000   -0.000000000000    0.000000000010   -0.000000000000    0.016828128760    0.000000000000   -0.000000000001   -0.000000000000   -0.000000000001   -0.000000000000   -0.004840440155    0.000000000000   -0.000000000001
   0.000000000000    0.000000000000   -0.000000000000   -0.000000000000   -0.000000000000   -0.000000000000   -0.000000000000   -0.102370790680    0.000000000000   -0.000000000004   -0.086155702875    0.000000000000   -0.000000000009   -0.024035742218    0.000000000000   -0.000000000000    0.046953227348    0.000000000000    0.000000000008    0.000000000000   -0.000000000000    0.016828128748    0.000000000000    0.000000000010    0.000000000000   -0.000000000001   -0.000000000000   -0.004840440154   -0.000000000000   -0.000000000001    0.000000000000    0.000000000001
   2.468800466891    2.041651789382    0.256015942153   -0.266442113995   -0.402872010413   -0.285632556097    0.000000000000   -0.000000000000    0.199493830373    0.000000000000   -0.000000000000    0.153556357190    0.000000000000   -0.000000000000    0.044093814498    0.000000000029    0.000000000000   -0.013737457035   -0.000000000000    0.000000000016    0.000000000001    0.000000000000   -0.060122933013   -0.000000000000    0.000000000000   -0.000000000000    0.000000000007   -0.000000000000    0.002425680006    0.000000000000    0.000000000004    0.000000000000
   0.000000000001    0.000000000004    0.000000000006   -0.000000000008   -0.000000000039   -0.000000000027   -0.000000000000   -0.000000000000    0.000000000002    0.000000000000    0.000000000000    0.000000000010   -0.000000000000    0.000000000000   -0.000000000029   -0.000248261860   -0.000000000000   -0.000000000007    0.000000000000    0.000000000000   -0.015417160863   -0.000000000000    0.000000000011   -0.000000000000    0.000000000000   -0.000000000000    0.001829764807    0.000000000000    0.000000000000    0.000000000000   -0.000000000000   -0.000000000000
  -0.000000000000   -0.000000000000   -0.000000000000    0.000000000000    0.000000000000    0.000000000000   -0.000000000000   -0.000603818360    0.000000000000   -0.000000000002   -0.014577727271   -0.000000000000   -0.000000000008   -0.046953227465   -0.000000000000   -0.000000000000    0.007279056264    0.000000000000   -0.000000000001   -0.000000000000   -0.000000000000    0.080670917433   -0.000000000000    0.000000000006    0.000000000000   -0.000000000000   -0.000000000000   -0.011337044919    0.000000000000   -0.000000000000   -0.000000000000    0.000000000000
   0.000629879283    0.001194038079   -0.000149875792   -0.010241133191   -0.051667598617   -0.029780491853   -0.000000000000   -0.000000000000    0.009258920049    0.000000000000    0.000000000000    0.056874878214    0.000000000000    0.000000000000    0.013737457404   -0.000000000007   -0.000000000000   -0.029133462903    0.000000000000   -0.000000000004   -0.000000000005   -0.000000000000   -0.087512825952    0.000000000000   -0.000000000003    0.000000000000    0.000000000001    0.000000000000    0.024022045427   -0.000000000000    0.000000000001   -0.000000000000
   0.000000000000    0.000000000000    0.000000000000   -0.000000000000   -0.000000000000   -0.000000000000   -0.000603818360   -0.000000000000   -0.000000000000   -0.014577727273   -0.000000000002    0.000000000000   -0.046953227475   -0.000000000008   -0.000000000000    0.000000000000   -0.000000000001    0.000000000000    0.007279056262   -0.000000000000    0.000000000000    0.000000000006   -0.000000000000    0.080670917439   -0.000000000000   -0.000000000000   -0.000000000000   -0.000000000000   -0.000000000000   -0.011337044920    0.000000000000   -0.000000000000
   0.000000000001    0.000000000002    0.000000000003   -0.000000000004   -0.000000000022   -0.000000000015    0.000000000000    0.000000000000    0.000000000001   -0.000000000000   -0.000000000000    0.000000000005   -0.000000000000   -0.000000000000   -0.000000000016   -0.000000000000    0.000000000000   -0.000000000004    0.000000000000   -0.000248261860   -0.000000000000    0.000000000000    0.000000000006    0.000000000000   -0.015417160863    0.000000000000    0.000000000000   -0.000000000000    0.000000000000   -0.000000000000    0.001829764807    0.000000000000
   0.000000000001    0.000000000002    0.000000000004   -0.000000000005   -0.000000000030   -0.000000000029   -0.000000000000    0.000000000000    0.000000000001    0.000000000000    0.000000000000    0.000000000009   -0.000000000000   -0.000000000000   -0.000000000001   -0.015417160845    0.000000000000   -0.000000000005   -0.000000000000   -0.000000000000   -0.005020092523   -0.000000000000    0.000000000001   -0.000000000000   -0.000000000000   -0.000000000000    0.007190448324    0.000000000000   -0.000000000000    0.000000000000    0.000000000000   -0.000000000000
   0.000000000000   -0.000000000000   -0.000000000000   -0.000000000000   -0.000000000000   -0.000000000000   -0.000000000000   -0.085434605981    0.000000000000   -0.000000000004   -0.079272473025    0.000000000000   -0.000000000010   -0.016828128641    0.000000000000   -0.000000000000    0.080670917391   -0.000000000000    0.000000000006   -0.000000000000   -0.000000000000   -0.016559061137   -0.000000000000    0.000000000010    0.000000000000   -0.000000000001   -0.000000000000   -0.010555915913   -0.000000000000   -0.000000000001   -0.000000000000    0.000000000001
   0.919672512471    0.752696622952    0.031352019194   -0.186982955251   -0.201493084003   -0.139841677811   -0.000000000000   -0.000000000000    0.288535366935    0.000000000000    0.000000000000    0.190102707895    0.000000000000    0.000000000000    0.060122933767    0.000000000011    0.000000000000   -0.087512825961    0.000000000000    0.000000000006    0.000000000001    0.000000000000    0.027265591908   -0.000000000000    0.000000000001   -0.000000000000    0.000000000003   -0.000000000000   -0.007770039448    0.000000000000    0.000000000001   -0.000000000000
   0.000000000000    0.000000000000    0.000000000000   -0.000000000000   -0.000000000000   -0.000000000000   -0.085434605982   -0.000000000000   -0.000000000000   -0.079272473030   -0.000000000004    0.000000000000   -0.016828128652   -0.000000000010   -0.000000000000   -0.000000000000    0.000000000006    0.000000000000    0.080670917397    0.000000000000    0.000000000000    0.000000000010   -0.000000000000   -0.016559061125   -0.000000000000   -0.000000000001   -0.000000000000   -0.000000000001   -0.000000000000   -0.010555915914    0.000000000000   -0.000000000001
   0.000000000000    0.000000000001    0.000000000002   -0.000000000003   -0.000000000016   -0.000000000016    0.000000000000   -0.000000000000    0.000000000001   -0.000000000000   -0.000000000000    0.000000000005   -0.000000000000    0.000000000000   -0.000000000000    0.000000000000   -0.000000000000   -0.000000000003    0.000000000000   -0.015417160845   -0.000000000000   -0.000000000000    0.000000000001    0.000000000000   -0.005020092523    0.000000000000    0.000000000000   -0.000000000000   -0.000000000000   -0.000000000000    0.007190448324    0.000000000000
   0.000000000000    0.000000000000    0.000000000000   -0.000000000000   -0.000000000000   -0.000000000000   -0.000000000000   -0.000000000000    0.000000000000   -0.000000000001   -0.000000000001    0.000000000000   -0.000000000001   -0.000000000001    0.000000000000   -0.000000000000    0.000000000000    0.000000000000    0.000000000000    0.000000000000   -0.000000000000    0.000000000001   -0.000000000000    0.000000000001    0.000000000000   -0.000126387262    0.000000000000   -0.000000000000   -0.000000000000   -0.000000000000   -0.000000000000    0.000000000000
   0.000000000000    0.000000000000    0.000000000001   -0.000000000001   -0.000000000006   -0.000000000008    0.000000000000    0.000000000000    0.000000000000    0.000000000000    0.000000000000    0.000000000003    0.000000000000    0.000000000000    0.000000000007   -0.001829764801    0.000000000000   -0.000000000001   -0.000000000000    0.000000000000   -0.007190448294   -0.000000000000   -0.000000000003   -0.000000000000    0.000000000000   -0.000000000000    0.002151286457    0.000000000000    0.000000000000    0.000000000000   -0.000000000000   -0.000000000000
   0.000000000000    0.000000000000    0.000000000000   -0.000000000000   -0.000000000000   -0.000000000000   -0.000000000000   -0.001273478727    0.000000000000   -0.000000000001   -0.009910702240    0.000000000000   -0.000000000001   -0.004840440174    0.000000000000   -0.000000000000    0.011337044887   -0.000000000000    0.000000000000    0.000000000000   -0.000000000000    0.010555915818   -0.000000000000    0.000000000001    0.000000000000   -0.000000000000    0.000000000000   -0.011945813529    0.000000000000   -0.000000000000   -0.000000000000    0.000000000000
   0.000099422745    0.000252003021   -0.000404416510   -0.005958249868   -0.010883299084   -0.005685351768   -0.000000000000    0.000000000000    0.006880347383   -0.000000000000    0.000000000000    0.026751277025   -0.000000000000    0.000000000000    0.002425680097   -0.000000000000    0.000000000000   -0.024022045377    0.000000000000   -0.000000000000    0.000000000000    0.000000000000    0.007770039470    0.000000000000    0.000000000000    0.000000000000    0.000000000000    0.000000000000    0.023881110906   -0.000000000000    0.000000000000    0.000000000000
  -0.000000000000   -0.000000000000   -0.000000000000    0.000000000000    0.000000000000    0.000000000000   -0.001273478727   -0.000000000000    0.000000000000   -0.009910702241   -0.000000000001   -0.000000000000   -0.004840440175   -0.000000000001   -0.000000000000    0.000000000000    0.000000000000   -0.000000000000    0.011337044887   -0.000000000000    0.000000000000    0.000000000001    0.000000000000    0.010555915819   -0.000000000000   -0.000000000000   -0.000000000000   -0.000000000000   -0.000000000000   -0.011945813529    0.000000000000   -0.000000000000
   0.000000000000    0.000000000000    0.000000000000   -0.000000000001   -0.000000000003   -0.000000000004    0.000000000000   -0.000000000000    0.000000000000   -0.000000000000   -0.000000000000    0.000000000002   -0.000000000000    0.000000000000    0.000000000004   -0.000000000000   -0.000000000000   -0.000000000001    0.000000000000   -0.001829764801   -0.000000000000   -0.000000000000   -0.000000000001    0.000000000000   -0.007190448294    0.000000000000    0.000000000000   -0.000000000000    0.000000000000   -0.000000000000    0.002151286457    0.000000000000
   0.000000000000    0.000000000000    0.000000000000   -0.000000000000   -0.000000000000   -0.000000000000   -0.000000000000    0.000000000000    0.000000000000   -0.000000000001    0.000000000001    0.000000000000   -0.000000000001    0.000000000001    0.000000000000   -0.000000000000   -0.000000000000    0.000000000000    0.000000000000    0.000000000000   -0.000000000000   -0.000000000001   -0.000000000000    0.000000000001    0.000000000000   -0.000000000000    0.000000000000    0.000000000000   -0.000000000000   -0.000000000000   -0.000000000000   -0.000126387262
