  -0.000014307343   -0.000039248024   -0.000062034943    0.000093122356    0.155629604551    1.050047843751    0.000000000000    0.000000000000   -0.000042102302    0.000000000000    0.000000000000   -0.007424358633    0.000000000000    0.000000000000   -2.468357691370    0.000000000000   -0.000000000000    0.000575862093   -0.000000000000   -0.000000000000   -0.000000000000    0.000000000000    0.919401293330   -0.000000000000    0.000000000000   -0.000000000000    0.000000000000    0.000000000000   -0.000071120489   -0.000000000000   -0.000000000000   -0.000000000000
  -0.000039248049   -0.000107577285   -0.000168553280    0.000254213681    0.127423993443    0.867384055425    0.000000000000    0.000000000000   -0.000123714506    0.000000000000    0.000000000000   -0.005826315220    0.000000000000    0.000000000000   -2.040470072653    0.000000000000   -0.000000000000    0.001046936022   -0.000000000000   -0.000000000000   -0.000000000000    0.000000000000    0.751958958224   -0.000000000000    0.000000000000   -0.000000000000    0.000000000000    0.000000000000   -0.000173580129   -0.000000000000   -0.000000000000    0.000000000000
  -0.000062035189   -0.000168553850   -0.000244394194    0.000330558896   -0.002098630758    0.095357238326    0.000000000000    0.000000000000   -0.000249899913   -0.000000000000    0.000000000000    0.008215881563    0.000000000000    0.000000000000   -0.253424301415    0.000000000000   -0.000000000000   -0.000382532173   -0.000000000000   -0.000000000000   -0.000000000000    0.000000000000    0.029337766682   -0.000000000000    0.000000000000   -0.000000000000    0.000000000000    0.000000000000    0.000545857057   -0.000000000000    0.000000000000    0.000000000000
   0.000093122609    0.000254214225    0.000330558489   -0.001566075423   -0.054312968421   -0.140861322605   -0.000000000000   -0.000000000000    0.001133319966    0.000000000000   -0.000000000000    0.026281666731   -0.000000000000   -0.000000000000    0.266256137863   -0.000000000000    0.000000000000   -0.010084016546    0.000000000000   -0.000000000000   -0.000000000000   -0.000000000000   -0.188467579576   -0.000000000000   -0.000000000000    0.000000000000    0.000000000000   -0.000000000000    0.005884038913    0.000000000000    0.000000000000   -0.000000000000
   0.155629616027    0.127424022255   -0.002098583921   -0.054312984479   -0.135145093080   -0.247521594816   -0.000000000000   -0.000000000000    0.072699877605    0.000000000000   -0.000000000000    0.098256333593   -0.000000000000   -0.000000000000    0.394317549573   -0.000000000000    0.000000000000   -0.052234699402    0.000000000000   -0.000000000000   -0.000000000000   -0.000000000000   -0.203222795603   -0.000000000000   -0.000000000000    0.000000000000   -0.000000000000    0.000000000000    0.011133016013    0.000000000000   -0.000000000000   -0.000000000000
   1.050047878555    0.867384138323    0.095357401732   -0.140861314611   -0.247521821289   -0.278545031817    0.000000000000   -0.000000000000    0.127257253057    0.000000000000   -0.000000000000    0.122216699233   -0.000000000000   -0.000000000000    0.271698580088   -0.000000000000    0.000000000000   -0.030714572462   -0.000000000000   -0.000000000000    0.000000000000   -0.000000000000   -0.140912545786   -0.000000000000   -0.000000000000    0.000000000000   -0.000000000000    0.000000000000    0.005115598520    0.000000000000   -0.000000000000   -0.000000000000
  -0.000000000000   -0.000000000000   -0.000000000000    0.000000000000    0.000000000000   -0.000000000000    0.000161255821   -0.000000000000    0.000000000000   -0.003011392768   -0.000000000000    0.000000000000   -0.102122115939   -0.000000000000   -0.000000000000   -0.000000000000    0.000000000000   -0.000000000000    0.000487159673    0.000000000000   -0.000000000000    0.000000000000    0.000000000000    0.085371609432    0.000000000000    0.000000000000    0.000000000000   -0.000000000000    0.000000000000   -0.001187795488   -0.000000000000   -0.000000000000
  -0.000000000000   -0.000000000000   -0.000000000000    0.000000000000   -0.000000000000    0.000000000000    0.000000000000    0.000161255821    0.000000000000    0.000000000000   -0.003011392768    0.000000000000   -0.000000000000   -0.102122115939   -0.000000000000   -0.000000000000    0.000487159673   -0.000000000000   -0.000000000000   -0.000000000000   -0.000000000000    0.085371609432   -0.000000000000    0.000000000000   -0.000000000000    0.000000000000    0.000000000000   -0.001187795488    0.000000000000   -0.000000000000    0.000000000000    0.000000000000
   0.000042100584    0.000123709737    0.000249891529   -0.001133309433   -0.072699819083   -0.127257208521   -0.000000000000   -0.000000000000    0.000288508968    0.000000000000   -0.000000000000    0.033832294048   -0.000000000000   -0.000000000000    0.206042726302   -0.000000000000    0.000000000000   -0.009085794754    0.000000000000   -0.000000000000   -0.000000000000   -0.000000000000   -0.292306113837   -0.000000000000   -0.000000000000   -0.000000000000    0.000000000000    0.000000000000    0.006906167406    0.000000000000    0.000000000000   -0.000000000000
  -0.000000000000   -0.000000000000   -0.000000000000    0.000000000000    0.000000000000    0.000000000000   -0.003011395774    0.000000000000   -0.000000000000   -0.012519715179   -0.000000000000   -0.000000000000   -0.085201390155   -0.000000000000   -0.000000000000    0.000000000000    0.000000000000    0.000000000000    0.014218091440   -0.000000000000    0.000000000000    0.000000000000    0.000000000000    0.079802680270   -0.000000000000   -0.000000000000   -0.000000000000   -0.000000000000   -0.000000000000   -0.009857416945   -0.000000000000    0.000000000000
   0.000000000000    0.000000000000    0.000000000000   -0.000000000000   -0.000000000000   -0.000000000000    0.000000000000   -0.003011395774   -0.000000000000    0.000000000000   -0.012519715179    0.000000000000   -0.000000000000   -0.085201390155   -0.000000000000    0.000000000000    0.014218091440    0.000000000000   -0.000000000000    0.000000000000    0.000000000000    0.079802680270    0.000000000000    0.000000000000    0.000000000000   -0.000000000000    0.000000000000   -0.009857416945   -0.000000000000   -0.000000000000   -0.000000000000    0.000000000000
   0.007424371192    0.005826348988   -0.008215829827   -0.026281726234   -0.098256689369   -0.122217125276    0.000000000000   -0.000000000000    0.033832328634    0.000000000000    0.000000000000    0.085899202107    0.000000000000    0.000000000000    0.145310581449   -0.000000000000    0.000000000000   -0.058131390622   -0.000000000000   -0.000000000000   -0.000000000000   -0.000000000000   -0.194971976215   -0.000000000000   -0.000000000000    0.000000000000    0.000000000000    0.000000000000    0.027253421892    0.000000000000    0.000000000000   -0.000000000000
   0.000000000000    0.000000000000    0.000000000000    0.000000000000   -0.000000000000   -0.000000000000   -0.102122101876   -0.000000000000   -0.000000000000   -0.085201368913   -0.000000000000   -0.000000000000   -0.025325536640   -0.000000000000   -0.000000000000    0.000000000000   -0.000000000000    0.000000000000    0.048288737066   -0.000000000000    0.000000000000    0.000000000000    0.000000000000    0.020318885501   -0.000000000000    0.000000000000   -0.000000000000   -0.000000000000   -0.000000000000   -0.005618215351    0.000000000000    0.000000000000
   0.000000000000    0.000000000000    0.000000000000   -0.000000000000   -0.000000000000   -0.000000000000    0.000000000000   -0.102122101876   -0.000000000000   -0.000000000000   -0.085201368913   -0.000000000000   -0.000000000000   -0.025325536640    0.000000000000    0.000000000000    0.048288737066    0.000000000000   -0.000000000000    0.000000000000    0.000000000000    0.020318885501    0.000000000000    0.000000000000    0.000000000000   -0.000000000000   -0.000000000000   -0.005618215351   -0.000000000000   -0.000000000000   -0.000000000000   -0.000000000000
   2.468357775251    2.040470274877    0.253424708040   -0.266256170744   -0.394318864876   -0.271700145828    0.000000000000    0.000000000000    0.206042703687    0.000000000000    0.000000000000    0.145310554048    0.000000000000    0.000000000000   -0.001931684653    0.000000000000    0.000000000000   -0.017585628991   -0.000000000000   -0.000000000000    0.000000000000   -0.000000000000   -0.058996446845   -0.000000000000   -0.000000000000    0.000000000000   -0.000000000000    0.000000000000    0.000961186619    0.000000000000   -0.000000000000   -0.000000000000
  -0.000000000000   -0.000000000000   -0.000000000000    0.000000000000   -0.000000000000   -0.000000000000    0.000000000000    0.000000000000   -0.000000000000   -0.000000000000   -0.000000000000    0.000000000000   -0.000000000000   -0.000000000000    0.000000000000   -0.000168321052   -0.000000000000   -0.000000000000    0.000000000000    0.000000000000   -0.015492184226    0.000000000000    0.000000000000    0.000000000000    0.000000000000   -0.000000000000    0.001780263086    0.000000000000   -0.000000000000   -0.000000000000   -0.000000000000    0.000000000000
   0.000000000000    0.000000000000    0.000000000000   -0.000000000000   -0.000000000000   -0.000000000000    0.000000000000   -0.000487162742   -0.000000000000   -0.000000000000   -0.014218077849    0.000000000000   -0.000000000000   -0.048288738509    0.000000000000    0.000000000000    0.006764688432   -0.000000000000   -0.000000000000   -0.000000000000   -0.000000000000    0.082752644929    0.000000000000    0.000000000000    0.000000000000   -0.000000000000    0.000000000000   -0.011308307278    0.000000000000   -0.000000000000   -0.000000000000   -0.000000000000
   0.000575860213    0.001046930700   -0.000382542199   -0.010084004243   -0.052234632090   -0.030714482687   -0.000000000000   -0.000000000000    0.009085799066    0.000000000000    0.000000000000    0.058131359527    0.000000000000    0.000000000000    0.017585551908   -0.000000000000   -0.000000000000   -0.029450033192    0.000000000000    0.000000000000    0.000000000000   -0.000000000000   -0.093313579996   -0.000000000000   -0.000000000000   -0.000000000000   -0.000000000000    0.000000000000    0.024569181031    0.000000000000    0.000000000000   -0.000000000000
  -0.000000000000   -0.000000000000   -0.000000000000    0.000000000000    0.000000000000   -0.000000000000   -0.000487162742    0.000000000000   -0.000000000000   -0.014218077849   -0.000000000000    0.000000000000   -0.048288738509   -0.000000000000   -0.000000000000    0.000000000000    0.000000000000   -0.000000000000    0.006764688432   -0.000000000000   -0.000000000000    0.000000000000    0.000000000000    0.082752644929    0.000000000000   -0.000000000000   -0.000000000000   -0.000000000000    0.000000000000   -0.011308307278   -0.000000000000    0.000000000000
  -0.000000000000   -0.000000000000   -0.000000000000    0.000000000000    0.000000000000    0.000000000000   -0.000000000000    0.000000000000   -0.000000000000    0.000000000000   -0.000000000000   -0.000000000000    0.000000000000   -0.000000000000   -0.000000000000   -0.000000000000   -0.000000000000   -0.000000000000    0.000000000000   -0.000168321052   -0.000000000000    0.000000000000    0.000000000000   -0.000000000000   -0.015492184226    0.000000000000    0.000000000000   -0.000000000000   -0.000000000000   -0.000000000000    0.001780263086   -0.000000000000
  -0.000000000000   -0.000000000000   -0.000000000000    0.000000000000    0.000000000000    0.000000000000    0.000000000000    0.000000000000   -0.000000000000   -0.000000000000   -0.000000000000   -0.000000000000   -0.000000000000   -0.000000000000   -0.000000000000   -0.015492192854   -0.000000000000   -0.000000000000   -0.000000000000   -0.000000000000   -0.006480466570    0.000000000000    0.000000000000   -0.000000000000    0.000000000000    0.000000000000    0.007469318799    0.000000000000   -0.000000000000   -0.000000000000   -0.000000000000    0.000000000000
  -0.000000000000   -0.000000000000   -0.000000000000    0.000000000000    0.000000000000    0.000000000000    0.000000000000   -0.085371606835   -0.000000000000   -0.000000000000   -0.079802677367   -0.000000000000   -0.000000000000   -0.020318952233   -0.000000000000    0.000000000000    0.082752649730    0.000000000000   -0.000000000000    0.000000000000   -0.000000000000   -0.008346431835    0.000000000000    0.000000000000    0.000000000000   -0.000000000000    0.000000000000   -0.012761270906   -0.000000000000   -0.000000000000   -0.000000000000   -0.000000000000
   0.919401323050    0.751959029135    0.029337918575   -0.188467543093   -0.203223094959   -0.140912859741    0.000000000000   -0.000000000000    0.292306070054    0.000000000000    0.000000000000    0.194971847632    0.000000000000    0.000000000000    0.058996208009    0.000000000000    0.000000000000   -0.093313567471   -0.000000000000   -0.000000000000    0.000000000000   -0.000000000000    0.016921813497   -0.000000000000   -0.000000000000    0.000000000000   -0.000000000000    0.000000000000   -0.004709605501    0.000000000000   -0.000000000000   -0.000000000000
  -0.000000000000   -0.000000000000   -0.000000000000    0.000000000000    0.000000000000    0.000000000000   -0.085371606835    0.000000000000   -0.000000000000   -0.079802677367   -0.000000000000   -0.000000000000   -0.020318952233   -0.000000000000   -0.000000000000    0.000000000000   -0.000000000000   -0.000000000000    0.082752649730   -0.000000000000   -0.000000000000    0.000000000000    0.000000000000   -0.008346431835    0.000000000000   -0.000000000000   -0.000000000000   -0.000000000000    0.000000000000   -0.012761270906   -0.000000000000    0.000000000000
   0.000000000000    0.000000000000    0.000000000000   -0.000000000000   -0.000000000000   -0.000000000000   -0.000000000000    0.000000000000   -0.000000000000    0.000000000000   -0.000000000000   -0.000000000000    0.000000000000   -0.000000000000    0.000000000000   -0.000000000000   -0.000000000000   -0.000000000000   -0.000000000000   -0.015492192854   -0.000000000000    0.000000000000   -0.000000000000   -0.000000000000   -0.006480466570   -0.000000000000    0.000000000000   -0.000000000000    0.000000000000    0.000000000000    0.007469318799   -0.000000000000
   0.000000000000    0.000000000000    0.000000000000   -0.000000000000   -0.000000000000   -0.000000000000    0.000000000000    0.000000000000   -0.000000000000    0.000000000000    0.000000000000    0.000000000000   -0.000000000000   -0.000000000000    0.000000000000    0.000000000000    0.000000000000   -0.000000000000    0.000000000000   -0.000000000000    0.000000000000   -0.000000000000   -0.000000000000    0.000000000000   -0.000000000000   -0.000117650596   -0.000000000000   -0.000000000000   -0.000000000000   -0.000000000000    0.000000000000    0.000000000000
  -0.000000000000   -0.000000000000    0.000000000000   -0.000000000000   -0.000000000000   -0.000000000000    0.000000000000    0.000000000000   -0.000000000000   -0.000000000000   -0.000000000000    0.000000000000   -0.000000000000   -0.000000000000    0.000000000000   -0.001780265683    0.000000000000    0.000000000000   -0.000000000000    0.000000000000   -0.007469328630    0.000000000000   -0.000000000000   -0.000000000000    0.000000000000   -0.000000000000    0.002108349069   -0.000000000000   -0.000000000000    0.000000000000   -0.000000000000    0.000000000000
   0.000000000000    0.000000000000    0.000000000000   -0.000000000000   -0.000000000000   -0.000000000000   -0.000000000000   -0.001187797570   -0.000000000000   -0.000000000000   -0.009857419407    0.000000000000   -0.000000000000   -0.005618209996    0.000000000000    0.000000000000    0.011308317365    0.000000000000    0.000000000000    0.000000000000    0.000000000000    0.012761301833    0.000000000000    0.000000000000   -0.000000000000   -0.000000000000    0.000000000000   -0.012005595917   -0.000000000000   -0.000000000000   -0.000000000000    0.000000000000
   0.000071122085    0.000173584399   -0.000545850993   -0.005884047502   -0.011133062556   -0.005115630804    0.000000000000   -0.000000000000    0.006906174310    0.000000000000    0.000000000000    0.027253437632    0.000000000000    0.000000000000    0.000961155033    0.000000000000   -0.000000000000   -0.024569195191   -0.000000000000    0.000000000000    0.000000000000   -0.000000000000    0.004709598262   -0.000000000000   -0.000000000000   -0.000000000000   -0.000000000000    0.000000000000    0.024265404373    0.000000000000   -0.000000000000    0.000000000000
  -0.000000000000   -0.000000000000   -0.000000000000    0.000000000000    0.000000000000    0.000000000000   -0.001187797570    0.000000000000    0.000000000000   -0.009857419407   -0.000000000000    0.000000000000   -0.005618209996   -0.000000000000   -0.000000000000   -0.000000000000    0.000000000000   -0.000000000000    0.011308317365   -0.000000000000   -0.000000000000    0.000000000000   -0.000000000000    0.012761301833    0.000000000000   -0.000000000000   -0.000000000000   -0.000000000000    0.000000000000   -0.012005595917   -0.000000000000    0.000000000000
   0.000000000000    0.000000000000    0.000000000000   -0.000000000000   -0.000000000000   -0.000000000000   -0.000000000000    0.000000000000   -0.000000000000    0.000000000000   -0.000000000000    0.000000000000   -0.000000000000   -0.000000000000    0.000000000000   -0.000000000000   -0.000000000000   -0.000000000000    0.000000000000   -0.001780265683   -0.000000000000    0.000000000000    0.000000000000   -0.000000000000   -0.007469328630   -0.000000000000    0.000000000000    0.000000000000   -0.000000000000   -0.000000000000    0.002108349069   -0.000000000000
   0.000000000000    0.000000000000   -0.000000000000   -0.000000000000    0.000000000000    0.000000000000   -0.000000000000    0.000000000000    0.000000000000    0.000000000000    0.000000000000   -0.000000000000    0.000000000000    0.000000000000   -0.000000000000   -0.000000000000   -0.000000000000   -0.000000000000    0.000000000000    0.000000000000   -0.000000000000   -0.000000000000    0.000000000000    0.000000000000    0.000000000000   -0.000000000000    0.000000000000    0.000000000000    0.000000000000    0.000000000000   -0.000000000000   -0.000117650596
