  -0.000040237400   -0.000110208016   -0.000177253149    0.000239333103    0.156558496802    1.051061805849    0.000000000000    0.000000000000   -0.000068097885    0.000000000000    0.000000000000   -0.007723721821    0.000000000000    0.000000000000   -2.468720152614    0.000000000149    0.000000000000    0.000627718791    0.000000000000    0.000000000233    0.000000000090    0.000000000000    0.919642888625    0.000000000000    0.000000000142    0.000000000000   -0.000000000019   -0.000000000000   -0.000098914702    0.000000000000   -0.000000000030   -0.000000000000
  -0.000110208016   -0.000301783889   -0.000484062211    0.000654413010    0.129973810888    0.870181729100    0.000000000000    0.000000000000   -0.000193968147    0.000000000000    0.000000000000   -0.006653461659    0.000000000000    0.000000000000   -2.041516504069    0.000000000408    0.000000000000    0.001188120744    0.000000000000    0.000000000639    0.000000000249    0.000000000000    0.752646600251    0.000000000000    0.000000000390    0.000000000000   -0.000000000052   -0.000000000000   -0.000250595736   -0.000000000000   -0.000000000082    0.000000000000
  -0.000177253149   -0.000484062211   -0.000759034915    0.000980340960    0.002228949832    0.100196459021    0.000000000000    0.000000000000   -0.000352308046    0.000000000000    0.000000000000    0.006764813197    0.000000000000    0.000000000000   -0.255625267992    0.000000000664    0.000000000000   -0.000159829640    0.000000000000    0.000000001040    0.000000000400    0.000000000000    0.031182848644    0.000000000000    0.000000000627    0.000000000000   -0.000000000084   -0.000000000000    0.000406811075   -0.000000000000   -0.000000000132    0.000000000000
   0.000239333102    0.000654413009    0.000980340960   -0.002384216048   -0.058890049201   -0.145617373484   -0.000000000000   -0.000000000000    0.001273978596   -0.000000000000   -0.000000000000    0.027669116034   -0.000000000000   -0.000000000000    0.267034337750   -0.000000000875   -0.000000000000   -0.010234117384   -0.000000000000   -0.000000001370   -0.000000000578   -0.000000000000   -0.187296713779   -0.000000000000   -0.000000000906   -0.000000000000    0.000000000127    0.000000000000    0.005958312043    0.000000000000    0.000000000198   -0.000000000000
   0.156558496785    0.129973810848    0.002228949763   -0.058890049197   -0.163948061525   -0.278282852628   -0.000000000000    0.000000000000    0.072433550477   -0.000000000000   -0.000000000000    0.106198702024   -0.000000000000    0.000000000000    0.403976948135   -0.000000005042   -0.000000000000   -0.051696110692   -0.000000000000   -0.000000007897   -0.000000003440   -0.000000000000   -0.202167208075   -0.000000000000   -0.000000005387   -0.000000000000    0.000000000813    0.000000000000    0.010919191327    0.000000000000    0.000000001273    0.000000000000
   1.051061805791    0.870181728974    0.100196458757   -0.145617373585   -0.278282852459   -0.310551050303    0.000000000000    0.000000000000    0.124989956087    0.000000000000    0.000000000000    0.131170712699    0.000000000000    0.000000000000    0.286822683428   -0.000000003965   -0.000000000000   -0.029796264876   -0.000000000000   -0.000000006210   -0.000000003255   -0.000000000000   -0.140263271755   -0.000000000000   -0.000000005098   -0.000000000000    0.000000001071    0.000000000000    0.005686864117    0.000000000000    0.000000001678    0.000000000000
   0.000000000000    0.000000000000    0.000000000000   -0.000000000000   -0.000000000000    0.000000000000    0.000130863609   -0.000000000017   -0.000000000000   -0.003285320765   -0.000000000138    0.000000000000   -0.102449446743   -0.000000000090   -0.000000000000   -0.000000000000    0.000000000014    0.000000000000    0.000604750141    0.000000000000    0.000000000000    0.000000000170   -0.000000000000    0.085498641070   -0.000000000000   -0.000000000024    0.000000000000   -0.000000000033    0.000000000000   -0.001273406885   -0.000000000000   -0.000000000037
  -0.000000000000   -0.000000000000   -0.000000000000    0.000000000000    0.000000000000    0.000000000000   -0.000000000017    0.000130863662   -0.000000000000   -0.000000000138   -0.003285320333   -0.000000000000   -0.000000000090   -0.102449446460   -0.000000000000   -0.000000000000    0.000604750096    0.000000000000    0.000000000014   -0.000000000000   -0.000000000000    0.085498640537   -0.000000000000    0.000000000170    0.000000000000   -0.000000000037   -0.000000000000   -0.001273406780    0.000000000000   -0.000000000033    0.000000000000    0.000000000024
   0.000068097887    0.000193968153    0.000352308056   -0.001273978609   -0.072433550541   -0.124989956132   -0.000000000000    0.000000000000    0.000428906808   -0.000000000000    0.000000000000    0.033541834141   -0.000000000000   -0.000000000000    0.199677854558   -0.000000000123   -0.000000000000   -0.009259430147    0.000000000000   -0.000000000192   -0.000000000074   -0.000000000000   -0.288792226783    0.000000000000   -0.000000000116   -0.000000000000    0.000000000044    0.000000000000    0.006881595470   -0.000000000000    0.000000000068   -0.000000000000
   0.000000000000    0.000000000000    0.000000000000   -0.000000000000   -0.000000000000    0.000000000000   -0.003285320760   -0.000000000138   -0.000000000000   -0.013812155319   -0.000000000428    0.000000000000   -0.086426324853   -0.000000000432   -0.000000000000   -0.000000000000    0.000000000247   -0.000000000000    0.014586671445    0.000000000000    0.000000000000    0.000000000602   -0.000000000000    0.079531048573   -0.000000000000   -0.000000000159    0.000000000000   -0.000000000071    0.000000000000   -0.009922589198   -0.000000000000   -0.000000000249
   0.000000000000    0.000000000000   -0.000000000000    0.000000000000    0.000000000000    0.000000000000   -0.000000000138   -0.003285320328   -0.000000000000   -0.000000000428   -0.013812153979   -0.000000000000   -0.000000000432   -0.086426323500   -0.000000000000    0.000000000000    0.014586670671    0.000000000000    0.000000000247   -0.000000000000    0.000000000000    0.079531046687    0.000000000000    0.000000000602   -0.000000000000   -0.000000000249   -0.000000000000   -0.009922588976    0.000000000000   -0.000000000071    0.000000000000    0.000000000159
   0.007723721803    0.006653461611   -0.006764813271   -0.027669115952   -0.106198701505   -0.131170712092    0.000000000000   -0.000000000000    0.033541834097    0.000000000000   -0.000000000000    0.090116414425    0.000000000000    0.000000000000    0.153973455191   -0.000000002111   -0.000000000000   -0.056934899054   -0.000000000000   -0.000000003306   -0.000000001598   -0.000000000000   -0.190820003853   -0.000000000000   -0.000000002502   -0.000000000000    0.000000000468    0.000000000000    0.026807659778    0.000000000000    0.000000000733   -0.000000000000
   0.000000000000    0.000000000000    0.000000000000    0.000000000000   -0.000000000000    0.000000000000   -0.102449446784   -0.000000000090   -0.000000000000   -0.086426324933   -0.000000000432   -0.000000000000   -0.025080123228   -0.000000000790   -0.000000000000    0.000000000000    0.000000000892   -0.000000000000    0.047031548487    0.000000000000    0.000000000000    0.000000001136   -0.000000000000    0.017396924046    0.000000000000   -0.000000000212   -0.000000000000   -0.000000000076    0.000000000000   -0.004872432934   -0.000000000000   -0.000000000330
   0.000000000000    0.000000000000    0.000000000000    0.000000000000    0.000000000000    0.000000000000   -0.000000000090   -0.102449446502   -0.000000000000   -0.000000000432   -0.086426323580   -0.000000000000   -0.000000000790   -0.025080120755   -0.000000000000   -0.000000000000    0.047031545693    0.000000000000    0.000000000892   -0.000000000000    0.000000000000    0.017396920488    0.000000000000    0.000000001136   -0.000000000000   -0.000000000328   -0.000000000000   -0.004872432697    0.000000000000   -0.000000000076    0.000000000000    0.000000000208
   2.468720152472    2.041516503752    0.255625267328   -0.267034337889   -0.403976946637   -0.286822681621    0.000000000000    0.000000000000    0.199677854593    0.000000000000    0.000000000000    0.153973455229    0.000000000000    0.000000000000    0.044589649021    0.000000001009   -0.000000000000   -0.013823711865   -0.000000000000    0.000000001581   -0.000000000806   -0.000000000000   -0.060323642368   -0.000000000000   -0.000000001263   -0.000000000000    0.000000001082    0.000000000000    0.002419487502    0.000000000000    0.000000001694    0.000000000000
   0.000000000149    0.000000000408    0.000000000664   -0.000000000875   -0.000000005042   -0.000000003965    0.000000000000   -0.000000000000    0.000000000123   -0.000000000000    0.000000000000    0.000000002111    0.000000000000    0.000000000000   -0.000000001009   -0.000249246401   -0.000000000000   -0.000000000772    0.000000000000    0.000000000001   -0.015442335805   -0.000000000000   -0.000000000523    0.000000000000   -0.000000000004    0.000000000000    0.001830205596    0.000000000000    0.000000000224   -0.000000000000    0.000000000001    0.000000000000
  -0.000000000000   -0.000000000000   -0.000000000000    0.000000000000    0.000000000000    0.000000000000   -0.000000000014   -0.000604750091   -0.000000000000   -0.000000000247   -0.014586670691   -0.000000000000   -0.000000000892   -0.047031545712   -0.000000000000    0.000000000000    0.007286816188    0.000000000000   -0.000000000101   -0.000000000000   -0.000000000000    0.080844564347    0.000000000000    0.000000000595    0.000000000000   -0.000000000118   -0.000000000000   -0.011344060023   -0.000000000000   -0.000000000042    0.000000000000    0.000000000075
   0.000627718791    0.001188120744   -0.000159829639   -0.010234117387   -0.051696110696   -0.029796264919   -0.000000000000    0.000000000000    0.009259430138   -0.000000000000   -0.000000000000    0.056934899088   -0.000000000000   -0.000000000000    0.013823712017   -0.000000000772   -0.000000000000   -0.029150008307   -0.000000000000   -0.000000001209   -0.000000000456    0.000000000000   -0.087811166797   -0.000000000000   -0.000000000714    0.000000000000    0.000000000177    0.000000000000    0.024047455083   -0.000000000000    0.000000000278    0.000000000000
  -0.000000000000    0.000000000000    0.000000000000   -0.000000000000   -0.000000000000    0.000000000000   -0.000604750136   -0.000000000014    0.000000000000   -0.014586671464   -0.000000000247    0.000000000000   -0.047031548506   -0.000000000892   -0.000000000000    0.000000000000   -0.000000000101   -0.000000000000    0.007286815872   -0.000000000000   -0.000000000000    0.000000000595    0.000000000000    0.080844566210    0.000000000000   -0.000000000075   -0.000000000000   -0.000000000042   -0.000000000000   -0.011344060155    0.000000000000   -0.000000000118
   0.000000000233    0.000000000639    0.000000001040   -0.000000001370   -0.000000007897   -0.000000006210   -0.000000000000    0.000000000000    0.000000000192    0.000000000000   -0.000000000000    0.000000003306   -0.000000000000   -0.000000000000   -0.000000001581    0.000000000001    0.000000000000   -0.000000001209    0.000000000000   -0.000249246400   -0.000000000004    0.000000000000   -0.000000000819    0.000000000000   -0.015442335808   -0.000000000000    0.000000000001   -0.000000000000    0.000000000351   -0.000000000000    0.001830205597   -0.000000000000
   0.000000000090    0.000000000249    0.000000000400   -0.000000000578   -0.000000003440   -0.000000003255   -0.000000000000    0.000000000000    0.000000000074   -0.000000000000    0.000000000000    0.000000001598    0.000000000000    0.000000000000    0.000000000806   -0.015442335800   -0.000000000000   -0.000000000456   -0.000000000000   -0.000000000004   -0.005241331169   -0.000000000000   -0.000000000734   -0.000000000000   -0.000000000008    0.000000000000    0.007225658520    0.000000000000    0.000000000099    0.000000000000    0.000000000001    0.000000000000
   0.000000000000    0.000000000000    0.000000000000    0.000000000000    0.000000000000    0.000000000000   -0.000000000170   -0.085498640557   -0.000000000000   -0.000000000602   -0.079531046717   -0.000000000000   -0.000000001136   -0.017396920411   -0.000000000000    0.000000000000    0.080844564355    0.000000000000    0.000000000595   -0.000000000000    0.000000000000   -0.015651597946    0.000000000000    0.000000001147   -0.000000000000   -0.000000000457   -0.000000000000   -0.010698524607   -0.000000000000   -0.000000000098    0.000000000000    0.000000000291
   0.919642888574    0.752646600139    0.031182848392   -0.187296713902   -0.202167207754   -0.140263271421    0.000000000000    0.000000000000    0.288792226889    0.000000000000    0.000000000000    0.190820004088    0.000000000000   -0.000000000000    0.060323642746   -0.000000000523   -0.000000000000   -0.087811166835   -0.000000000000   -0.000000000819   -0.000000000734   -0.000000000000    0.026593126082   -0.000000000000   -0.000000001150    0.000000000000    0.000000000554    0.000000000000   -0.007617003530    0.000000000000    0.000000000867    0.000000000000
   0.000000000000    0.000000000000    0.000000000000    0.000000000000    0.000000000000    0.000000000000   -0.085498641089   -0.000000000170   -0.000000000000   -0.079531048603   -0.000000000602   -0.000000000000   -0.017396923969   -0.000000001136   -0.000000000000    0.000000000000    0.000000000595    0.000000000000    0.080844566218    0.000000000000    0.000000000000    0.000000001147    0.000000000000   -0.015651594355    0.000000000000   -0.000000000294   -0.000000000000   -0.000000000098   -0.000000000000   -0.010698524915   -0.000000000000   -0.000000000459
   0.000000000142    0.000000000390    0.000000000627   -0.000000000906   -0.000000005387   -0.000000005098    0.000000000000   -0.000000000000    0.000000000116    0.000000000000   -0.000000000000    0.000000002502    0.000000000000   -0.000000000000    0.000000001263   -0.000000000004    0.000000000000   -0.000000000714    0.000000000000   -0.015442335804   -0.000000000008    0.000000000000   -0.000000001150   -0.000000000000   -0.005241331176   -0.000000000000    0.000000000001   -0.000000000000    0.000000000155    0.000000000000    0.007225658521   -0.000000000000
   0.000000000000    0.000000000000   -0.000000000000   -0.000000000000   -0.000000000000    0.000000000000   -0.000000000024   -0.000000000037    0.000000000000   -0.000000000159   -0.000000000249    0.000000000000   -0.000000000212   -0.000000000328   -0.000000000000   -0.000000000000    0.000000000118    0.000000000000    0.000000000075    0.000000000000   -0.000000000000    0.000000000457    0.000000000000    0.000000000294    0.000000000000   -0.000126428167    0.000000000000   -0.000000000078   -0.000000000000   -0.000000000050   -0.000000000000   -0.000000000000
   0.000000000019    0.000000000052    0.000000000084   -0.000000000127   -0.000000000813   -0.000000001071   -0.000000000000    0.000000000000    0.000000000044   -0.000000000000    0.000000000000    0.000000000468   -0.000000000000    0.000000000000    0.000000001082   -0.001830205593   -0.000000000000   -0.000000000177    0.000000000000   -0.000000000001   -0.007225658502   -0.000000000000   -0.000000000554   -0.000000000000   -0.000000000001    0.000000000000    0.002151993742    0.000000000000    0.000000000073   -0.000000000000    0.000000000000    0.000000000000
   0.000000000000    0.000000000000    0.000000000000    0.000000000000    0.000000000000   -0.000000000000   -0.000000000033   -0.001273406777   -0.000000000000   -0.000000000071   -0.009922588969   -0.000000000000   -0.000000000076   -0.004872432702   -0.000000000000   -0.000000000000    0.011344060009    0.000000000000    0.000000000042   -0.000000000000   -0.000000000000    0.010698524553    0.000000000000    0.000000000098   -0.000000000000   -0.000000000078   -0.000000000000   -0.011952617032   -0.000000000000   -0.000000000009    0.000000000000    0.000000000050
   0.000098914699    0.000250595730   -0.000406811085   -0.005958312030   -0.010919191252   -0.005686864065    0.000000000000    0.000000000000    0.006881595460    0.000000000000    0.000000000000    0.026807659752    0.000000000000    0.000000000000    0.002419487545   -0.000000000224   -0.000000000000   -0.024047455064    0.000000000000   -0.000000000351   -0.000000000099   -0.000000000000    0.007617003545    0.000000000000   -0.000000000155    0.000000000000    0.000000000073    0.000000000000    0.023903614887   -0.000000000000    0.000000000114    0.000000000000
  -0.000000000000   -0.000000000000    0.000000000000    0.000000000000    0.000000000000    0.000000000000   -0.001273406882   -0.000000000033   -0.000000000000   -0.009922589191   -0.000000000071   -0.000000000000   -0.004872432939   -0.000000000076   -0.000000000000    0.000000000000    0.000000000042    0.000000000000    0.011344060141    0.000000000000    0.000000000000    0.000000000098    0.000000000000    0.010698524861    0.000000000000   -0.000000000050    0.000000000000   -0.000000000009   -0.000000000000   -0.011952617059   -0.000000000000   -0.000000000079
   0.000000000030    0.000000000082    0.000000000132   -0.000000000198   -0.000000001273   -0.000000001678    0.000000000000   -0.000000000000    0.000000000068    0.000000000000   -0.000000000000    0.000000000733    0.000000000000   -0.000000000000    0.000000001694   -0.000000000001    0.000000000000   -0.000000000278   -0.000000000000   -0.001830205594   -0.000000000001    0.000000000000   -0.000000000867   -0.000000000000   -0.007225658503   -0.000000000000    0.000000000000   -0.000000000000    0.000000000114    0.000000000000    0.002151993742   -0.000000000000
   0.000000000000    0.000000000000    0.000000000000   -0.000000000000   -0.000000000000   -0.000000000000   -0.000000000037    0.000000000024    0.000000000000   -0.000000000249    0.000000000159    0.000000000000   -0.000000000330    0.000000000208    0.000000000000   -0.000000000000   -0.000000000075    0.000000000000    0.000000000118    0.000000000000   -0.000000000000   -0.000000000291    0.000000000000    0.000000000459    0.000000000000    0.000000000000    0.000000000000    0.000000000050   -0.000000000000   -0.000000000079   -0.000000000000   -0.000126428167
