 166.316227568863  133.310516462566   51.860933236413   28.919581621567    9.931536896661    4.551352376217    0.000000000000   -0.000000000000    0.000121013567    0.000000000000   -0.000000000000   -0.000434597944    0.000000000000   -0.000000000000   -0.000888204022   -0.000000000009   -0.000000000000   -0.001459835907    0.000000000000   -0.000000000005   -0.000000000003   -0.000000000000    0.000215835984   -0.000000000000   -0.000000000002    0.000000000000   -0.000000000000    0.000000000000   -0.000062614409   -0.000000000000   -0.000000000000   -0.000000000000
 133.310516462566  111.035776710818   44.358064312664   24.437126592746    8.253919666380    3.767092033275    0.000000000000   -0.000000000000    0.000167980942    0.000000000000   -0.000000000000   -0.001158623316    0.000000000000   -0.000000000000   -0.002442050458   -0.000000000025   -0.000000000000   -0.003967573918   -0.000000000000   -0.000000000014   -0.000000000008   -0.000000000000    0.000655536282   -0.000000000000   -0.000000000005    0.000000000000   -0.000000000001    0.000000000000   -0.000173264925   -0.000000000000   -0.000000000001    0.000000000000
  51.860933236413   44.358064312664   15.662092666550    6.929588667527    1.413970053192    0.501458030505    0.000000000000   -0.000000000000   -0.002888655375    0.000000000000   -0.000000000000   -0.004494221075    0.000000000000   -0.000000000000   -0.004588555812   -0.000000000047   -0.000000000000   -0.008818179853   -0.000000000000   -0.000000000026   -0.000000000012   -0.000000000000    0.001373164878   -0.000000000000   -0.000000000006    0.000000000000   -0.000000000005    0.000000000000   -0.000375962559   -0.000000000000   -0.000000000003    0.000000000000
  28.919581621567   24.437126592746    6.929588667527    1.962171462925   -0.469081843775   -0.445510827299    0.000000000000   -0.000000000000   -0.006528511654    0.000000000000   -0.000000000000   -0.005295965288    0.000000000000   -0.000000000000    0.002956854755    0.000000000004    0.000000000000   -0.003165450804    0.000000000000    0.000000000002    0.000000000010    0.000000000000   -0.004712121923    0.000000000000    0.000000000005    0.000000000000   -0.000000000002   -0.000000000000    0.000003816066    0.000000000000   -0.000000000001   -0.000000000000
   9.931536896661    8.253919666380    1.413970053192   -0.469081843775   -0.969912085028   -0.704253285552    0.000000000000   -0.000000000000   -0.007776981613    0.000000000000   -0.000000000000    0.000483281392    0.000000000000   -0.000000000000    0.023624680700    0.000000000095    0.000000000000    0.007127868433    0.000000000000    0.000000000053    0.000000000034    0.000000000000   -0.074482583369    0.000000000000    0.000000000019   -0.000000000000    0.000000000010   -0.000000000000    0.001235326310    0.000000000000    0.000000000006   -0.000000000000
   4.551352376217    3.767092033275    0.501458030505   -0.445510827299   -0.704253285552   -0.550543574669    0.000000000000   -0.000000000000   -0.005070186672    0.000000000000   -0.000000000000    0.006209306443   -0.000000000000   -0.000000000000    0.026724616579    0.000000000077    0.000000000000    0.006730058375    0.000000000000    0.000000000043    0.000000000018   -0.000000000000   -0.139058210179   -0.000000000000    0.000000000010   -0.000000000000    0.000000000013   -0.000000000000    0.001467761556    0.000000000000    0.000000000007    0.000000000000
   0.000000000000    0.000000000000    0.000000000000    0.000000000000    0.000000000000    0.000000000000   -2.715291644009   -0.000000000013   -0.000000000000   -2.052219338826    0.000000000007    0.000000000000   -0.456346942563    0.000000000008    0.000000000000   -0.000000000000   -0.000000000007    0.000000000000   -0.005304731601    0.000000000000   -0.000000000000    0.000000000006    0.000000000000   -0.001185169865    0.000000000000   -0.000000000011    0.000000000000    0.000000000006    0.000000000000   -0.003627066962   -0.000000000000   -0.000000000006
  -0.000000000000   -0.000000000000   -0.000000000000   -0.000000000000   -0.000000000000   -0.000000000000   -0.000000000013   -2.715291643995   -0.000000000000    0.000000000007   -2.052219338833    0.000000000000    0.000000000008   -0.456346942571    0.000000000000    0.000000000000   -0.005304731593    0.000000000000   -0.000000000007    0.000000000000    0.000000000000   -0.001185169872    0.000000000000    0.000000000006    0.000000000000   -0.000000000006    0.000000000000   -0.003627066968   -0.000000000000    0.000000000006    0.000000000000    0.000000000011
   0.000121013567    0.000167980942   -0.002888655375   -0.006528511654   -0.007776981613   -0.005070186672   -0.000000000000   -0.000000000000   -2.721004949942   -0.000000000000    0.000000000000   -2.052141252956   -0.000000000000    0.000000000000   -0.454400938978   -0.000000000018   -0.000000000000   -0.006429502789    0.000000000000   -0.000000000010   -0.000000000002   -0.000000000000   -0.001366412015    0.000000000000   -0.000000000001    0.000000000000   -0.000000000004   -0.000000000000   -0.003522788197   -0.000000000000   -0.000000000002    0.000000000000
   0.000000000000    0.000000000000    0.000000000000    0.000000000000    0.000000000000    0.000000000000   -2.052219338826    0.000000000007   -0.000000000000   -1.099067833164    0.000000000014    0.000000000000   -0.321512288266    0.000000000006    0.000000000000   -0.000000000000    0.000000000014   -0.000000000000   -0.008871338127    0.000000000000   -0.000000000000    0.000000000016   -0.000000000000   -0.005058763803    0.000000000000   -0.000000000004    0.000000000000    0.000000000003    0.000000000000   -0.004991811039   -0.000000000000   -0.000000000002
  -0.000000000000   -0.000000000000   -0.000000000000   -0.000000000000   -0.000000000000   -0.000000000000    0.000000000007   -2.052219338833    0.000000000000    0.000000000014   -1.099067833180    0.000000000000    0.000000000006   -0.321512288272    0.000000000000    0.000000000000   -0.008871338143   -0.000000000000    0.000000000014   -0.000000000000    0.000000000000   -0.005058763821    0.000000000000    0.000000000016   -0.000000000000   -0.000000000002    0.000000000000   -0.004991811043   -0.000000000000    0.000000000003    0.000000000000    0.000000000004
  -0.000434597944   -0.001158623316   -0.004494221075   -0.005295965288    0.000483281392    0.006209306443    0.000000000000    0.000000000000   -2.052141252956    0.000000000000    0.000000000000   -1.118192089078   -0.000000000000   -0.000000000000   -0.361500859008    0.000000000043   -0.000000000000   -0.010259240231   -0.000000000000    0.000000000024    0.000000000029   -0.000000000000   -0.003521985760   -0.000000000000    0.000000000016    0.000000000000   -0.000000000001    0.000000000000   -0.010955006183    0.000000000000   -0.000000000001   -0.000000000000
   0.000000000000    0.000000000000    0.000000000000    0.000000000000    0.000000000000   -0.000000000000   -0.456346942563    0.000000000008   -0.000000000000   -0.321512288266    0.000000000006   -0.000000000000   -0.016753447004   -0.000000000012   -0.000000000000   -0.000000000000    0.000000000022    0.000000000000   -0.003052703136    0.000000000000   -0.000000000000    0.000000000012    0.000000000000   -0.004650182353    0.000000000000    0.000000000003   -0.000000000000   -0.000000000001    0.000000000000   -0.002462380226   -0.000000000000    0.000000000002
  -0.000000000000   -0.000000000000   -0.000000000000   -0.000000000000   -0.000000000000   -0.000000000000    0.000000000008   -0.456346942571    0.000000000000    0.000000000006   -0.321512288272   -0.000000000000   -0.000000000012   -0.016753446991   -0.000000000000   -0.000000000000   -0.003052703161    0.000000000000    0.000000000022    0.000000000000   -0.000000000000   -0.004650182367    0.000000000000    0.000000000012    0.000000000000    0.000000000002   -0.000000000000   -0.002462380225   -0.000000000000   -0.000000000001    0.000000000000   -0.000000000003
  -0.000888204022   -0.002442050458   -0.004588555812    0.002956854755    0.023624680700    0.026724616579    0.000000000000    0.000000000000   -0.454400938978    0.000000000000    0.000000000000   -0.361500859008   -0.000000000000   -0.000000000000   -0.368883796260    0.000000000074    0.000000000000   -0.002894194614   -0.000000000000    0.000000000041    0.000000000046   -0.000000000000   -0.000536282589   -0.000000000000    0.000000000025   -0.000000000000   -0.000000000000    0.000000000000   -0.008668652359   -0.000000000000   -0.000000000000   -0.000000000000
  -0.000000000009   -0.000000000025   -0.000000000047    0.000000000004    0.000000000095    0.000000000077   -0.000000000000    0.000000000000   -0.000000000018   -0.000000000000    0.000000000000    0.000000000043   -0.000000000000   -0.000000000000    0.000000000074   -0.421542298100   -0.000000000000    0.000000000033    0.000000000000    0.000000000000   -0.367547529891    0.000000000000   -0.000000000012   -0.000000000000    0.000000000000    0.000000000000   -0.007775433661    0.000000000000    0.000000000003    0.000000000000   -0.000000000000    0.000000000000
  -0.000000000000   -0.000000000000   -0.000000000000    0.000000000000    0.000000000000    0.000000000000   -0.000000000007   -0.005304731593   -0.000000000000    0.000000000014   -0.008871338143   -0.000000000000    0.000000000022   -0.003052703161    0.000000000000   -0.000000000000   -0.425244070256   -0.000000000000   -0.000000000005    0.000000000000    0.000000000000   -0.372950437002    0.000000000000   -0.000000000002   -0.000000000000    0.000000000000    0.000000000000   -0.010148824021    0.000000000000   -0.000000000000    0.000000000000   -0.000000000001
  -0.001459835907   -0.003967573918   -0.008818179853   -0.003165450804    0.007127868433    0.006730058375    0.000000000000    0.000000000000   -0.006429502789   -0.000000000000   -0.000000000000   -0.010259240231    0.000000000000    0.000000000000   -0.002894194614    0.000000000033   -0.000000000000   -0.420603084197   -0.000000000000    0.000000000019    0.000000000009   -0.000000000000   -0.384233257576   -0.000000000000    0.000000000005    0.000000000000    0.000000000001   -0.000000000000   -0.010939343973    0.000000000000    0.000000000001   -0.000000000000
   0.000000000000   -0.000000000000   -0.000000000000    0.000000000000    0.000000000000    0.000000000000   -0.005304731601   -0.000000000007    0.000000000000   -0.008871338127    0.000000000014   -0.000000000000   -0.003052703136    0.000000000022   -0.000000000000    0.000000000000   -0.000000000005   -0.000000000000   -0.425244070262   -0.000000000000   -0.000000000000   -0.000000000002    0.000000000000   -0.372950437004    0.000000000000    0.000000000001   -0.000000000000   -0.000000000000    0.000000000000   -0.010148824022   -0.000000000000    0.000000000000
  -0.000000000005   -0.000000000014   -0.000000000026    0.000000000002    0.000000000053    0.000000000043    0.000000000000    0.000000000000   -0.000000000010    0.000000000000   -0.000000000000    0.000000000024    0.000000000000    0.000000000000    0.000000000041    0.000000000000    0.000000000000    0.000000000019   -0.000000000000   -0.421542298100   -0.000000000000    0.000000000000   -0.000000000007   -0.000000000000   -0.367547529891   -0.000000000000    0.000000000000   -0.000000000000    0.000000000002   -0.000000000000   -0.007775433661    0.000000000000
  -0.000000000003   -0.000000000008   -0.000000000012    0.000000000010    0.000000000034    0.000000000018   -0.000000000000    0.000000000000   -0.000000000002   -0.000000000000    0.000000000000    0.000000000029   -0.000000000000   -0.000000000000    0.000000000046   -0.367547529891    0.000000000000    0.000000000009   -0.000000000000   -0.000000000000    0.228892381762    0.000000000000   -0.000000000004   -0.000000000000   -0.000000000000    0.000000000000   -0.005022878495    0.000000000000   -0.000000000001    0.000000000000   -0.000000000000    0.000000000000
  -0.000000000000   -0.000000000000   -0.000000000000    0.000000000000    0.000000000000   -0.000000000000    0.000000000006   -0.001185169872   -0.000000000000    0.000000000016   -0.005058763821   -0.000000000000    0.000000000012   -0.004650182367   -0.000000000000    0.000000000000   -0.372950437002   -0.000000000000   -0.000000000002    0.000000000000    0.000000000000    0.183155581246    0.000000000000   -0.000000000016   -0.000000000000    0.000000000004    0.000000000000   -0.006350635608    0.000000000000    0.000000000000    0.000000000000   -0.000000000007
   0.000215835984    0.000655536282    0.001373164878   -0.004712121923   -0.074482583369   -0.139058210179    0.000000000000    0.000000000000   -0.001366412015   -0.000000000000    0.000000000000   -0.003521985760    0.000000000000    0.000000000000   -0.000536282589   -0.000000000012    0.000000000000   -0.384233257576    0.000000000000   -0.000000000007   -0.000000000004    0.000000000000    0.017459417735    0.000000000000   -0.000000000002    0.000000000000    0.000000000006   -0.000000000000   -0.006691588377    0.000000000000    0.000000000003   -0.000000000000
  -0.000000000000   -0.000000000000   -0.000000000000    0.000000000000    0.000000000000   -0.000000000000   -0.001185169865    0.000000000006    0.000000000000   -0.005058763803    0.000000000016   -0.000000000000   -0.004650182353    0.000000000012   -0.000000000000   -0.000000000000   -0.000000000002   -0.000000000000   -0.372950437004   -0.000000000000   -0.000000000000   -0.000000000016    0.000000000000    0.183155581228   -0.000000000000    0.000000000007   -0.000000000000    0.000000000000    0.000000000000   -0.006350635608   -0.000000000000    0.000000000004
  -0.000000000002   -0.000000000005   -0.000000000006    0.000000000005    0.000000000019    0.000000000010    0.000000000000    0.000000000000   -0.000000000001    0.000000000000   -0.000000000000    0.000000000016    0.000000000000    0.000000000000    0.000000000025    0.000000000000   -0.000000000000    0.000000000005    0.000000000000   -0.367547529891   -0.000000000000   -0.000000000000   -0.000000000002   -0.000000000000    0.228892381762   -0.000000000000    0.000000000000   -0.000000000000   -0.000000000000   -0.000000000000   -0.005022878495    0.000000000000
   0.000000000000    0.000000000000    0.000000000000    0.000000000000   -0.000000000000   -0.000000000000   -0.000000000011   -0.000000000006    0.000000000000   -0.000000000004   -0.000000000002    0.000000000000    0.000000000003    0.000000000002   -0.000000000000    0.000000000000    0.000000000000    0.000000000000    0.000000000001   -0.000000000000    0.000000000000    0.000000000004    0.000000000000    0.000000000007   -0.000000000000    1.845059570033   -0.000000000000    0.000000000006   -0.000000000000    0.000000000010    0.000000000000    0.000000000000
  -0.000000000000   -0.000000000001   -0.000000000005   -0.000000000002    0.000000000010    0.000000000013    0.000000000000    0.000000000000   -0.000000000004    0.000000000000    0.000000000000   -0.000000000001   -0.000000000000   -0.000000000000   -0.000000000000   -0.007775433661    0.000000000000    0.000000000001   -0.000000000000    0.000000000000   -0.005022878495    0.000000000000    0.000000000006   -0.000000000000    0.000000000000   -0.000000000000    1.839407124174   -0.000000000000    0.000000000018   -0.000000000000    0.000000000000   -0.000000000000
   0.000000000000    0.000000000000    0.000000000000   -0.000000000000   -0.000000000000   -0.000000000000    0.000000000006   -0.003627066968   -0.000000000000    0.000000000003   -0.004991811043    0.000000000000   -0.000000000001   -0.002462380225    0.000000000000    0.000000000000   -0.010148824021   -0.000000000000   -0.000000000000   -0.000000000000    0.000000000000   -0.006350635608   -0.000000000000    0.000000000000   -0.000000000000    0.000000000006   -0.000000000000    1.834255923565    0.000000000000   -0.000000000014    0.000000000000   -0.000000000010
  -0.000062614409   -0.000173264925   -0.000375962559    0.000003816066    0.001235326310    0.001467761556    0.000000000000   -0.000000000000   -0.003522788197    0.000000000000   -0.000000000000   -0.010955006183    0.000000000000   -0.000000000000   -0.008668652359    0.000000000003    0.000000000000   -0.010939343973    0.000000000000    0.000000000002   -0.000000000001    0.000000000000   -0.006691588377    0.000000000000   -0.000000000000   -0.000000000000    0.000000000018    0.000000000000    1.830833711865   -0.000000000000    0.000000000010    0.000000000000
  -0.000000000000   -0.000000000000   -0.000000000000    0.000000000000    0.000000000000    0.000000000000   -0.003627066962    0.000000000006   -0.000000000000   -0.004991811039    0.000000000003    0.000000000000   -0.002462380226   -0.000000000001   -0.000000000000    0.000000000000   -0.000000000000    0.000000000000   -0.010148824022   -0.000000000000    0.000000000000    0.000000000000    0.000000000000   -0.006350635608   -0.000000000000    0.000000000010   -0.000000000000   -0.000000000014   -0.000000000000    1.834255923549   -0.000000000000    0.000000000006
  -0.000000000000   -0.000000000001   -0.000000000003   -0.000000000001    0.000000000006    0.000000000007   -0.000000000000    0.000000000000   -0.000000000002   -0.000000000000    0.000000000000   -0.000000000001   -0.000000000000    0.000000000000   -0.000000000000   -0.000000000000    0.000000000000    0.000000000001   -0.000000000000   -0.007775433661   -0.000000000000    0.000000000000    0.000000000003   -0.000000000000   -0.005022878495    0.000000000000    0.000000000000    0.000000000000    0.000000000010   -0.000000000000    1.839407124174   -0.000000000000
  -0.000000000000    0.000000000000    0.000000000000   -0.000000000000   -0.000000000000    0.000000000000   -0.000000000006    0.000000000011    0.000000000000   -0.000000000002    0.000000000004   -0.000000000000    0.000000000002   -0.000000000003   -0.000000000000    0.000000000000   -0.000000000001   -0.000000000000    0.000000000000    0.000000000000    0.000000000000   -0.000000000007   -0.000000000000    0.000000000004    0.000000000000    0.000000000000   -0.000000000000   -0.000000000010    0.000000000000    0.000000000006   -0.000000000000    1.845059570033
