 166.311837488469  133.306407620786   51.858823618828   28.918324499083    9.931079154762    4.551136941013   -0.000000000000   -0.000000000000    0.000119285398   -0.000000000000   -0.000000000000   -0.000432081813   -0.000000000000   -0.000000000000   -0.000883988879    0.000000000000   -0.000000000000   -0.001451485836   -0.000000000000    0.000000000000    0.000000000000   -0.000000000000    0.000219460694   -0.000000000000   -0.000000000000   -0.000000000000    0.000000000000   -0.000000000000   -0.000061978174   -0.000000000000    0.000000000000    0.000000000000
 133.306407620786  111.031391791164   44.355134536549   24.435256119261    8.253197893055    3.766744490489   -0.000000000000   -0.000000000000    0.000164588789   -0.000000000000   -0.000000000000   -0.001150804703   -0.000000000000   -0.000000000000   -0.002430357420    0.000000000000   -0.000000000000   -0.003945767740   -0.000000000000    0.000000000000    0.000000000000   -0.000000000000    0.000664826462   -0.000000000000    0.000000000000   -0.000000000000    0.000000000000   -0.000000000000   -0.000171147130   -0.000000000000    0.000000000000    0.000000000000
  51.858823618828   44.355134536549   15.657712259052    6.925680147149    1.411951514810    0.500425287420   -0.000000000000   -0.000000000000   -0.002878427526   -0.000000000000   -0.000000000000   -0.004468908645   -0.000000000000   -0.000000000000   -0.004568661320    0.000000000000   -0.000000000000   -0.008797178832   -0.000000000000    0.000000000000    0.000000000000   -0.000000000000    0.001379260738   -0.000000000000    0.000000000000   -0.000000000000    0.000000000000   -0.000000000000   -0.000370575034   -0.000000000000    0.000000000000    0.000000000000
  28.918324499083   24.435256119261    6.925680147149    1.957750320733   -0.472154400394   -0.447205959020   -0.000000000000   -0.000000000000   -0.006503368246   -0.000000000000   -0.000000000000   -0.005288320316   -0.000000000000   -0.000000000000    0.002935236481   -0.000000000000   -0.000000000000   -0.003221950320    0.000000000000    0.000000000000   -0.000000000000    0.000000000000   -0.004750353984    0.000000000000    0.000000000000    0.000000000000    0.000000000000   -0.000000000000    0.000002281590   -0.000000000000   -0.000000000000   -0.000000000000
   9.931079154762    8.253197893055    1.411951514810   -0.472154400394   -0.974111167506   -0.707566490839   -0.000000000000   -0.000000000000   -0.007759480710   -0.000000000000   -0.000000000000    0.000398959116   -0.000000000000   -0.000000000000    0.023488899487   -0.000000000000   -0.000000000000    0.006955978437    0.000000000000    0.000000000000   -0.000000000000    0.000000000000   -0.074663095463    0.000000000000    0.000000000000    0.000000000000   -0.000000000000   -0.000000000000    0.001212636340    0.000000000000   -0.000000000000   -0.000000000000
   4.551136941013    3.766744490489    0.500425287420   -0.447205959020   -0.707566490839   -0.554344404903   -0.000000000000   -0.000000000000   -0.005067352524   -0.000000000000   -0.000000000000    0.006113562616   -0.000000000000   -0.000000000000    0.026607065160   -0.000000000000   -0.000000000000    0.006596940115    0.000000000000    0.000000000000   -0.000000000000    0.000000000000   -0.139240439327    0.000000000000   -0.000000000000    0.000000000000   -0.000000000000   -0.000000000000    0.001444565342    0.000000000000   -0.000000000000   -0.000000000000
  -0.000000000000   -0.000000000000   -0.000000000000   -0.000000000000   -0.000000000000   -0.000000000000   -2.719713315049    0.000000000000    0.000000000000   -2.055225652339   -0.000000000000    0.000000000000   -0.456915589260   -0.000000000000    0.000000000000   -0.000000000000    0.000000000000    0.000000000000   -0.005282584783   -0.000000000000   -0.000000000000   -0.000000000000    0.000000000000   -0.001180163274   -0.000000000000    0.000000000000   -0.000000000000   -0.000000000000    0.000000000000   -0.003652285928   -0.000000000000   -0.000000000000
  -0.000000000000   -0.000000000000   -0.000000000000   -0.000000000000   -0.000000000000   -0.000000000000    0.000000000000   -2.719713315049   -0.000000000000   -0.000000000000   -2.055225652339   -0.000000000000   -0.000000000000   -0.456915589260   -0.000000000000   -0.000000000000   -0.005282584783    0.000000000000    0.000000000000    0.000000000000   -0.000000000000   -0.001180163274   -0.000000000000   -0.000000000000    0.000000000000    0.000000000000   -0.000000000000   -0.003652285928    0.000000000000   -0.000000000000    0.000000000000   -0.000000000000
   0.000119285398    0.000164588789   -0.002878427526   -0.006503368246   -0.007759480710   -0.005067352524    0.000000000000   -0.000000000000   -2.725451914833    0.000000000000   -0.000000000000   -2.055233855693    0.000000000000   -0.000000000000   -0.455028308624    0.000000000000   -0.000000000000   -0.006382726930   -0.000000000000    0.000000000000    0.000000000000   -0.000000000000   -0.001376068234   -0.000000000000   -0.000000000000    0.000000000000    0.000000000000    0.000000000000   -0.003571274504    0.000000000000   -0.000000000000   -0.000000000000
  -0.000000000000   -0.000000000000   -0.000000000000   -0.000000000000   -0.000000000000   -0.000000000000   -2.055225652339   -0.000000000000    0.000000000000   -1.103436487725   -0.000000000000    0.000000000000   -0.323237313792   -0.000000000000   -0.000000000000   -0.000000000000   -0.000000000000    0.000000000000   -0.008857089682   -0.000000000000   -0.000000000000   -0.000000000000    0.000000000000   -0.005072355583   -0.000000000000    0.000000000000   -0.000000000000   -0.000000000000    0.000000000000   -0.005060847917    0.000000000000   -0.000000000000
  -0.000000000000   -0.000000000000   -0.000000000000   -0.000000000000   -0.000000000000   -0.000000000000   -0.000000000000   -2.055225652339   -0.000000000000   -0.000000000000   -1.103436487725    0.000000000000   -0.000000000000   -0.323237313792    0.000000000000   -0.000000000000   -0.008857089682   -0.000000000000   -0.000000000000    0.000000000000   -0.000000000000   -0.005072355583   -0.000000000000   -0.000000000000    0.000000000000    0.000000000000    0.000000000000   -0.005060847917    0.000000000000   -0.000000000000    0.000000000000   -0.000000000000
  -0.000432081813   -0.001150804703   -0.004468908645   -0.005288320316    0.000398959116    0.006113562616    0.000000000000   -0.000000000000   -2.055233855693    0.000000000000    0.000000000000   -1.122687230369   -0.000000000000    0.000000000000   -0.363136025571   -0.000000000000   -0.000000000000   -0.010307860113   -0.000000000000   -0.000000000000   -0.000000000000   -0.000000000000   -0.003590075748   -0.000000000000   -0.000000000000   -0.000000000000    0.000000000000   -0.000000000000   -0.011042855094    0.000000000000    0.000000000000   -0.000000000000
  -0.000000000000   -0.000000000000   -0.000000000000   -0.000000000000   -0.000000000000   -0.000000000000   -0.456915589260   -0.000000000000    0.000000000000   -0.323237313792   -0.000000000000   -0.000000000000   -0.020518082427    0.000000000000   -0.000000000000    0.000000000000   -0.000000000000    0.000000000000   -0.003068341809   -0.000000000000    0.000000000000   -0.000000000000    0.000000000000   -0.004708743918   -0.000000000000   -0.000000000000   -0.000000000000    0.000000000000   -0.000000000000   -0.002490858494    0.000000000000    0.000000000000
  -0.000000000000   -0.000000000000   -0.000000000000   -0.000000000000   -0.000000000000   -0.000000000000   -0.000000000000   -0.456915589260   -0.000000000000   -0.000000000000   -0.323237313792    0.000000000000    0.000000000000   -0.020518082427    0.000000000000   -0.000000000000   -0.003068341809   -0.000000000000   -0.000000000000    0.000000000000   -0.000000000000   -0.004708743918   -0.000000000000   -0.000000000000    0.000000000000   -0.000000000000    0.000000000000   -0.002490858494    0.000000000000    0.000000000000    0.000000000000    0.000000000000
  -0.000883988879   -0.002430357420   -0.004568661320    0.002935236481    0.023488899487    0.026607065160    0.000000000000   -0.000000000000   -0.455028308624   -0.000000000000    0.000000000000   -0.363136025571   -0.000000000000    0.000000000000   -0.372330833842   -0.000000000000   -0.000000000000   -0.003036791553   -0.000000000000   -0.000000000000   -0.000000000000    0.000000000000   -0.000600438900   -0.000000000000   -0.000000000000   -0.000000000000   -0.000000000000   -0.000000000000   -0.008676748413   -0.000000000000    0.000000000000    0.000000000000
   0.000000000000    0.000000000000    0.000000000000   -0.000000000000   -0.000000000000   -0.000000000000   -0.000000000000   -0.000000000000    0.000000000000   -0.000000000000   -0.000000000000   -0.000000000000    0.000000000000   -0.000000000000   -0.000000000000   -0.425982213867   -0.000000000000   -0.000000000000   -0.000000000000   -0.000000000000   -0.369442829983   -0.000000000000    0.000000000000   -0.000000000000   -0.000000000000   -0.000000000000   -0.007747937728    0.000000000000   -0.000000000000    0.000000000000    0.000000000000    0.000000000000
  -0.000000000000   -0.000000000000   -0.000000000000   -0.000000000000   -0.000000000000   -0.000000000000    0.000000000000   -0.005282584783   -0.000000000000   -0.000000000000   -0.008857089682   -0.000000000000   -0.000000000000   -0.003068341809   -0.000000000000   -0.000000000000   -0.429719999253    0.000000000000   -0.000000000000    0.000000000000    0.000000000000   -0.374906646255   -0.000000000000    0.000000000000    0.000000000000   -0.000000000000   -0.000000000000   -0.010119769466    0.000000000000    0.000000000000    0.000000000000    0.000000000000
  -0.001451485836   -0.003945767740   -0.008797178832   -0.003221950320    0.006955978437    0.006596940115    0.000000000000    0.000000000000   -0.006382726930    0.000000000000   -0.000000000000   -0.010307860113    0.000000000000   -0.000000000000   -0.003036791553   -0.000000000000    0.000000000000   -0.425161516642    0.000000000000   -0.000000000000   -0.000000000000   -0.000000000000   -0.386190249006   -0.000000000000    0.000000000000   -0.000000000000   -0.000000000000    0.000000000000   -0.010920610098   -0.000000000000    0.000000000000    0.000000000000
  -0.000000000000   -0.000000000000   -0.000000000000    0.000000000000    0.000000000000    0.000000000000   -0.005282584783    0.000000000000   -0.000000000000   -0.008857089682   -0.000000000000   -0.000000000000   -0.003068341809   -0.000000000000   -0.000000000000   -0.000000000000   -0.000000000000    0.000000000000   -0.429719999253   -0.000000000000    0.000000000000   -0.000000000000   -0.000000000000   -0.374906646255    0.000000000000   -0.000000000000   -0.000000000000    0.000000000000    0.000000000000   -0.010119769466   -0.000000000000    0.000000000000
   0.000000000000    0.000000000000    0.000000000000    0.000000000000    0.000000000000    0.000000000000   -0.000000000000    0.000000000000    0.000000000000   -0.000000000000    0.000000000000   -0.000000000000   -0.000000000000    0.000000000000   -0.000000000000   -0.000000000000    0.000000000000   -0.000000000000   -0.000000000000   -0.425982213867    0.000000000000   -0.000000000000    0.000000000000    0.000000000000   -0.369442829983   -0.000000000000    0.000000000000   -0.000000000000    0.000000000000    0.000000000000   -0.007747937728   -0.000000000000
   0.000000000000    0.000000000000    0.000000000000   -0.000000000000   -0.000000000000   -0.000000000000   -0.000000000000   -0.000000000000    0.000000000000   -0.000000000000   -0.000000000000   -0.000000000000    0.000000000000   -0.000000000000   -0.000000000000   -0.369442829983    0.000000000000   -0.000000000000    0.000000000000    0.000000000000    0.224752017504    0.000000000000   -0.000000000000    0.000000000000    0.000000000000   -0.000000000000   -0.005013317235    0.000000000000   -0.000000000000    0.000000000000    0.000000000000    0.000000000000
  -0.000000000000   -0.000000000000   -0.000000000000    0.000000000000    0.000000000000    0.000000000000   -0.000000000000   -0.001180163274   -0.000000000000   -0.000000000000   -0.005072355583   -0.000000000000   -0.000000000000   -0.004708743918    0.000000000000   -0.000000000000   -0.374906646255   -0.000000000000   -0.000000000000   -0.000000000000    0.000000000000    0.178814084158   -0.000000000000    0.000000000000   -0.000000000000   -0.000000000000   -0.000000000000   -0.006352258539    0.000000000000    0.000000000000    0.000000000000    0.000000000000
   0.000219460694    0.000664826462    0.001379260738   -0.004750353984   -0.074663095463   -0.139240439327    0.000000000000   -0.000000000000   -0.001376068234    0.000000000000   -0.000000000000   -0.003590075748    0.000000000000   -0.000000000000   -0.000600438900    0.000000000000   -0.000000000000   -0.386190249006   -0.000000000000    0.000000000000   -0.000000000000   -0.000000000000    0.013107356313   -0.000000000000    0.000000000000   -0.000000000000   -0.000000000000    0.000000000000   -0.006703312583   -0.000000000000   -0.000000000000    0.000000000000
  -0.000000000000   -0.000000000000   -0.000000000000    0.000000000000    0.000000000000    0.000000000000   -0.001180163274   -0.000000000000   -0.000000000000   -0.005072355583   -0.000000000000   -0.000000000000   -0.004708743918   -0.000000000000   -0.000000000000   -0.000000000000    0.000000000000   -0.000000000000   -0.374906646255    0.000000000000    0.000000000000    0.000000000000   -0.000000000000    0.178814084158    0.000000000000   -0.000000000000   -0.000000000000    0.000000000000    0.000000000000   -0.006352258539   -0.000000000000   -0.000000000000
  -0.000000000000    0.000000000000    0.000000000000    0.000000000000    0.000000000000   -0.000000000000   -0.000000000000    0.000000000000   -0.000000000000   -0.000000000000    0.000000000000   -0.000000000000   -0.000000000000    0.000000000000   -0.000000000000   -0.000000000000    0.000000000000    0.000000000000    0.000000000000   -0.369442829983    0.000000000000   -0.000000000000    0.000000000000    0.000000000000    0.224752017504   -0.000000000000    0.000000000000    0.000000000000    0.000000000000    0.000000000000   -0.005013317235   -0.000000000000
  -0.000000000000   -0.000000000000   -0.000000000000    0.000000000000    0.000000000000    0.000000000000    0.000000000000    0.000000000000    0.000000000000    0.000000000000    0.000000000000   -0.000000000000   -0.000000000000   -0.000000000000   -0.000000000000   -0.000000000000   -0.000000000000   -0.000000000000   -0.000000000000   -0.000000000000   -0.000000000000   -0.000000000000   -0.000000000000   -0.000000000000   -0.000000000000    1.840640836333    0.000000000000   -0.000000000000   -0.000000000000   -0.000000000000   -0.000000000000   -0.000000000000
   0.000000000000    0.000000000000    0.000000000000    0.000000000000   -0.000000000000   -0.000000000000   -0.000000000000   -0.000000000000    0.000000000000   -0.000000000000    0.000000000000    0.000000000000   -0.000000000000    0.000000000000   -0.000000000000   -0.007747937728   -0.000000000000   -0.000000000000   -0.000000000000    0.000000000000   -0.005013317235   -0.000000000000   -0.000000000000   -0.000000000000    0.000000000000    0.000000000000    1.834935017216    0.000000000000   -0.000000000000   -0.000000000000   -0.000000000000    0.000000000000
  -0.000000000000   -0.000000000000   -0.000000000000   -0.000000000000   -0.000000000000   -0.000000000000   -0.000000000000   -0.003652285928    0.000000000000   -0.000000000000   -0.005060847917   -0.000000000000    0.000000000000   -0.002490858494   -0.000000000000    0.000000000000   -0.010119769466    0.000000000000    0.000000000000   -0.000000000000    0.000000000000   -0.006352258539    0.000000000000    0.000000000000    0.000000000000   -0.000000000000    0.000000000000    1.829745337201    0.000000000000    0.000000000000    0.000000000000    0.000000000000
  -0.000061978174   -0.000171147130   -0.000370575034    0.000002281590    0.001212636340    0.001444565342    0.000000000000    0.000000000000   -0.003571274504    0.000000000000    0.000000000000   -0.011042855094   -0.000000000000    0.000000000000   -0.008676748413   -0.000000000000    0.000000000000   -0.010920610098    0.000000000000    0.000000000000   -0.000000000000    0.000000000000   -0.006703312583    0.000000000000    0.000000000000   -0.000000000000   -0.000000000000    0.000000000000    1.826311663978    0.000000000000   -0.000000000000    0.000000000000
  -0.000000000000   -0.000000000000   -0.000000000000   -0.000000000000    0.000000000000    0.000000000000   -0.003652285928   -0.000000000000    0.000000000000   -0.005060847917   -0.000000000000    0.000000000000   -0.002490858494    0.000000000000   -0.000000000000    0.000000000000    0.000000000000   -0.000000000000   -0.010119769466    0.000000000000    0.000000000000    0.000000000000   -0.000000000000   -0.006352258539    0.000000000000   -0.000000000000   -0.000000000000    0.000000000000    0.000000000000    1.829745337201    0.000000000000    0.000000000000
   0.000000000000    0.000000000000    0.000000000000   -0.000000000000   -0.000000000000   -0.000000000000   -0.000000000000    0.000000000000   -0.000000000000    0.000000000000    0.000000000000    0.000000000000    0.000000000000    0.000000000000    0.000000000000    0.000000000000    0.000000000000    0.000000000000   -0.000000000000   -0.007747937728    0.000000000000    0.000000000000   -0.000000000000   -0.000000000000   -0.005013317235   -0.000000000000   -0.000000000000    0.000000000000   -0.000000000000    0.000000000000    1.834935017216    0.000000000000
   0.000000000000    0.000000000000    0.000000000000   -0.000000000000   -0.000000000000   -0.000000000000   -0.000000000000   -0.000000000000   -0.000000000000   -0.000000000000   -0.000000000000   -0.000000000000    0.000000000000    0.000000000000    0.000000000000    0.000000000000    0.000000000000    0.000000000000    0.000000000000   -0.000000000000    0.000000000000    0.000000000000    0.000000000000   -0.000000000000   -0.000000000000   -0.000000000000    0.000000000000    0.000000000000    0.000000000000    0.000000000000    0.000000000000    1.840640836333
