 166.317650924118  133.311841865024   51.861600844772   28.919987012486    9.931711547355    4.551449493868   -0.000000000000   -0.000000000000   -0.000121723404   -0.000000000000    0.000000000000    0.000437113923   -0.000000000000    0.000000000000    0.000892640252   -0.000000000000   -0.000000000000   -0.001460742935   -0.000000000000   -0.000000000000    0.000000000000   -0.000000000000    0.000216150683    0.000000000000    0.000000000000    0.000000000000   -0.000000000000   -0.000000000000    0.000063003157    0.000000000000    0.000000000000    0.000000000000
 133.311841865024  111.037175312554   44.358970174931   24.437728522996    8.254225981091    3.767279220608   -0.000000000000   -0.000000000000   -0.000168970603   -0.000000000000    0.000000000000    0.001165424505   -0.000000000000    0.000000000000    0.002454240605   -0.000000000000   -0.000000000000   -0.003970562225    0.000000000000   -0.000000000000    0.000000000000   -0.000000000000    0.000656077856    0.000000000000    0.000000000000    0.000000000000   -0.000000000000   -0.000000000000    0.000174340060    0.000000000000    0.000000000000    0.000000000000
  51.861600844772   44.358970174931   15.663448502321    6.930871126487    1.414758932415    0.501920208464   -0.000000000000    0.000000000000    0.002903823173   -0.000000000000    0.000000000000    0.004518745668   -0.000000000000    0.000000000000    0.004611201813   -0.000000000000   -0.000000000000   -0.008838739809    0.000000000000   -0.000000000000    0.000000000000   -0.000000000000    0.001368827954    0.000000000000    0.000000000000    0.000000000000   -0.000000000000   -0.000000000000    0.000378247753    0.000000000000    0.000000000000    0.000000000000
  28.919987012486   24.437728522996    6.930871126487    1.963612610261   -0.468185505422   -0.445082239299   -0.000000000000    0.000000000000    0.006562144185   -0.000000000000    0.000000000000    0.005320096385   -0.000000000000    0.000000000000   -0.002972245865    0.000000000000   -0.000000000000   -0.003201640073    0.000000000000    0.000000000000    0.000000000000   -0.000000000000   -0.004728999828   -0.000000000000   -0.000000000000    0.000000000000   -0.000000000000   -0.000000000000   -0.000003884106    0.000000000000    0.000000000000    0.000000000000
   9.931711547355    8.254225981091    1.414758932415   -0.468185505422   -0.969325019243   -0.704013589171   -0.000000000000    0.000000000000    0.007815785696   -0.000000000000   -0.000000000000   -0.000502277057   -0.000000000000   -0.000000000000   -0.023746565877    0.000000000000    0.000000000000    0.007085825774    0.000000000000    0.000000000000   -0.000000000000   -0.000000000000   -0.074537211928   -0.000000000000   -0.000000000000   -0.000000000000    0.000000000000    0.000000000000   -0.001242712260   -0.000000000000   -0.000000000000   -0.000000000000
   4.551449493868    3.767279220608    0.501920208464   -0.445082239299   -0.704013589171   -0.550290709271   -0.000000000000    0.000000000000    0.005094809247   -0.000000000000   -0.000000000000   -0.006253377574   -0.000000000000   -0.000000000000   -0.026855714516    0.000000000000    0.000000000000    0.006706533500    0.000000000000    0.000000000000   -0.000000000000   -0.000000000000   -0.139082210015   -0.000000000000   -0.000000000000   -0.000000000000    0.000000000000   -0.000000000000   -0.001475913618   -0.000000000000   -0.000000000000    0.000000000000
  -0.000000000000   -0.000000000000   -0.000000000000   -0.000000000000   -0.000000000000   -0.000000000000   -2.713788043976   -0.000000000000    0.000000000000   -2.051199937688    0.000000000000    0.000000000000   -0.456177686712   -0.000000000000   -0.000000000000    0.000000000000   -0.000000000000    0.000000000000    0.005332184978   -0.000000000000   -0.000000000000   -0.000000000000    0.000000000000    0.001190036523   -0.000000000000    0.000000000000   -0.000000000000    0.000000000000    0.000000000000   -0.003654260766   -0.000000000000    0.000000000000
  -0.000000000000   -0.000000000000    0.000000000000    0.000000000000    0.000000000000    0.000000000000   -0.000000000000   -2.713788043976   -0.000000000000    0.000000000000   -2.051199937688   -0.000000000000    0.000000000000   -0.456177686712   -0.000000000000   -0.000000000000    0.005332184978   -0.000000000000   -0.000000000000   -0.000000000000    0.000000000000    0.001190036523   -0.000000000000    0.000000000000    0.000000000000   -0.000000000000    0.000000000000   -0.003654260766    0.000000000000    0.000000000000    0.000000000000   -0.000000000000
  -0.000121723404   -0.000168970603    0.002903823173    0.006562144185    0.007815785696    0.005094809247    0.000000000000   -0.000000000000   -2.719529274217    0.000000000000    0.000000000000   -2.051163281605    0.000000000000    0.000000000000   -0.454261915245   -0.000000000000    0.000000000000    0.006462553090   -0.000000000000    0.000000000000   -0.000000000000    0.000000000000    0.001371678795   -0.000000000000   -0.000000000000   -0.000000000000    0.000000000000   -0.000000000000   -0.003553899177    0.000000000000    0.000000000000    0.000000000000
  -0.000000000000   -0.000000000000   -0.000000000000   -0.000000000000   -0.000000000000   -0.000000000000   -2.051199937688    0.000000000000    0.000000000000   -1.097698414816    0.000000000000    0.000000000000   -0.321073564393   -0.000000000000    0.000000000000    0.000000000000    0.000000000000    0.000000000000    0.008912511675   -0.000000000000   -0.000000000000    0.000000000000    0.000000000000    0.005075924188   -0.000000000000    0.000000000000   -0.000000000000    0.000000000000    0.000000000000   -0.005039415495   -0.000000000000    0.000000000000
   0.000000000000    0.000000000000    0.000000000000    0.000000000000   -0.000000000000   -0.000000000000    0.000000000000   -2.051199937688    0.000000000000    0.000000000000   -1.097698414816   -0.000000000000    0.000000000000   -0.321073564393   -0.000000000000   -0.000000000000    0.008912511675    0.000000000000    0.000000000000   -0.000000000000    0.000000000000    0.005075924188    0.000000000000    0.000000000000   -0.000000000000   -0.000000000000    0.000000000000   -0.005039415495    0.000000000000    0.000000000000    0.000000000000   -0.000000000000
   0.000437113923    0.001165424505    0.004518745668    0.005320096385   -0.000502277057   -0.006253377574    0.000000000000   -0.000000000000   -2.051163281605    0.000000000000   -0.000000000000   -1.116876718094    0.000000000000    0.000000000000   -0.360965059893    0.000000000000    0.000000000000    0.010308812365   -0.000000000000    0.000000000000    0.000000000000    0.000000000000    0.003532360700   -0.000000000000   -0.000000000000   -0.000000000000    0.000000000000   -0.000000000000   -0.011006913218    0.000000000000    0.000000000000    0.000000000000
  -0.000000000000   -0.000000000000   -0.000000000000   -0.000000000000   -0.000000000000   -0.000000000000   -0.456177686712    0.000000000000    0.000000000000   -0.321073564393    0.000000000000    0.000000000000   -0.015964622775   -0.000000000000    0.000000000000   -0.000000000000    0.000000000000   -0.000000000000    0.003064554725   -0.000000000000   -0.000000000000    0.000000000000    0.000000000000    0.004655699519   -0.000000000000    0.000000000000   -0.000000000000    0.000000000000   -0.000000000000   -0.002477244634   -0.000000000000    0.000000000000
   0.000000000000    0.000000000000    0.000000000000    0.000000000000   -0.000000000000   -0.000000000000   -0.000000000000   -0.456177686712    0.000000000000   -0.000000000000   -0.321073564393    0.000000000000   -0.000000000000   -0.015964622775   -0.000000000000   -0.000000000000    0.003064554725   -0.000000000000   -0.000000000000   -0.000000000000   -0.000000000000    0.004655699519   -0.000000000000   -0.000000000000   -0.000000000000   -0.000000000000    0.000000000000   -0.002477244634    0.000000000000   -0.000000000000    0.000000000000   -0.000000000000
   0.000892640252    0.002454240605    0.004611201813   -0.002972245865   -0.023746565877   -0.026855714516   -0.000000000000   -0.000000000000   -0.454261915245    0.000000000000   -0.000000000000   -0.360965059893    0.000000000000   -0.000000000000   -0.367641346747    0.000000000000   -0.000000000000    0.002905636027    0.000000000000    0.000000000000    0.000000000000   -0.000000000000    0.000538266497   -0.000000000000    0.000000000000   -0.000000000000    0.000000000000   -0.000000000000   -0.008669054314    0.000000000000    0.000000000000   -0.000000000000
  -0.000000000000   -0.000000000000   -0.000000000000    0.000000000000    0.000000000000    0.000000000000    0.000000000000   -0.000000000000   -0.000000000000    0.000000000000   -0.000000000000    0.000000000000   -0.000000000000   -0.000000000000    0.000000000000   -0.419985419439   -0.000000000000   -0.000000000000    0.000000000000   -0.000000000000   -0.366944148480   -0.000000000000    0.000000000000   -0.000000000000   -0.000000000000   -0.000000000000    0.007813213658    0.000000000000   -0.000000000000   -0.000000000000   -0.000000000000   -0.000000000000
  -0.000000000000   -0.000000000000   -0.000000000000   -0.000000000000    0.000000000000    0.000000000000   -0.000000000000    0.005332184978    0.000000000000    0.000000000000    0.008912511675    0.000000000000    0.000000000000    0.003064554725   -0.000000000000   -0.000000000000   -0.423712675807    0.000000000000   -0.000000000000   -0.000000000000    0.000000000000   -0.372383604898   -0.000000000000    0.000000000000    0.000000000000    0.000000000000   -0.000000000000    0.010198494988   -0.000000000000    0.000000000000   -0.000000000000    0.000000000000
  -0.001460742935   -0.003970562225   -0.008838739809   -0.003201640073    0.007085825774    0.006706533500    0.000000000000   -0.000000000000    0.006462553090    0.000000000000    0.000000000000    0.010308812365   -0.000000000000   -0.000000000000    0.002905636027   -0.000000000000    0.000000000000   -0.419051434858    0.000000000000   -0.000000000000   -0.000000000000    0.000000000000   -0.383676711520   -0.000000000000   -0.000000000000    0.000000000000   -0.000000000000    0.000000000000    0.010992347033   -0.000000000000   -0.000000000000   -0.000000000000
  -0.000000000000    0.000000000000    0.000000000000    0.000000000000    0.000000000000    0.000000000000    0.005332184978   -0.000000000000   -0.000000000000    0.008912511675    0.000000000000   -0.000000000000    0.003064554725   -0.000000000000    0.000000000000    0.000000000000   -0.000000000000    0.000000000000   -0.423712675807    0.000000000000   -0.000000000000    0.000000000000    0.000000000000   -0.372383604898    0.000000000000    0.000000000000    0.000000000000    0.000000000000    0.000000000000    0.010198494988   -0.000000000000    0.000000000000
  -0.000000000000   -0.000000000000   -0.000000000000    0.000000000000    0.000000000000    0.000000000000   -0.000000000000   -0.000000000000    0.000000000000   -0.000000000000   -0.000000000000    0.000000000000   -0.000000000000   -0.000000000000    0.000000000000   -0.000000000000   -0.000000000000   -0.000000000000    0.000000000000   -0.419985419439    0.000000000000    0.000000000000    0.000000000000   -0.000000000000   -0.366944148480    0.000000000000   -0.000000000000    0.000000000000   -0.000000000000   -0.000000000000    0.007813213658   -0.000000000000
   0.000000000000    0.000000000000    0.000000000000    0.000000000000   -0.000000000000   -0.000000000000   -0.000000000000    0.000000000000   -0.000000000000   -0.000000000000    0.000000000000    0.000000000000   -0.000000000000   -0.000000000000    0.000000000000   -0.366944148480    0.000000000000   -0.000000000000   -0.000000000000    0.000000000000    0.230069531143    0.000000000000   -0.000000000000   -0.000000000000    0.000000000000   -0.000000000000    0.005045745507    0.000000000000   -0.000000000000   -0.000000000000   -0.000000000000   -0.000000000000
  -0.000000000000   -0.000000000000   -0.000000000000   -0.000000000000   -0.000000000000   -0.000000000000   -0.000000000000    0.001190036523    0.000000000000    0.000000000000    0.005075924188    0.000000000000    0.000000000000    0.004655699519   -0.000000000000   -0.000000000000   -0.372383604898    0.000000000000    0.000000000000    0.000000000000    0.000000000000    0.184232740723   -0.000000000000    0.000000000000    0.000000000000    0.000000000000   -0.000000000000    0.006380030279   -0.000000000000    0.000000000000   -0.000000000000   -0.000000000000
   0.000216150683    0.000656077856    0.001368827954   -0.004728999828   -0.074537211928   -0.139082210015    0.000000000000   -0.000000000000    0.001371678795    0.000000000000    0.000000000000    0.003532360700    0.000000000000   -0.000000000000    0.000538266497    0.000000000000   -0.000000000000   -0.383676711520    0.000000000000    0.000000000000   -0.000000000000   -0.000000000000    0.018543979247   -0.000000000000   -0.000000000000    0.000000000000    0.000000000000    0.000000000000    0.006722024009   -0.000000000000   -0.000000000000   -0.000000000000
   0.000000000000    0.000000000000    0.000000000000   -0.000000000000   -0.000000000000   -0.000000000000    0.001190036523    0.000000000000   -0.000000000000    0.005075924188    0.000000000000   -0.000000000000    0.004655699519   -0.000000000000   -0.000000000000   -0.000000000000    0.000000000000   -0.000000000000   -0.372383604898   -0.000000000000   -0.000000000000    0.000000000000   -0.000000000000    0.184232740723   -0.000000000000    0.000000000000    0.000000000000    0.000000000000    0.000000000000    0.006380030279   -0.000000000000   -0.000000000000
   0.000000000000    0.000000000000    0.000000000000   -0.000000000000   -0.000000000000   -0.000000000000   -0.000000000000    0.000000000000   -0.000000000000   -0.000000000000   -0.000000000000   -0.000000000000   -0.000000000000   -0.000000000000    0.000000000000   -0.000000000000    0.000000000000   -0.000000000000    0.000000000000   -0.366944148480    0.000000000000    0.000000000000   -0.000000000000   -0.000000000000    0.230069531143    0.000000000000    0.000000000000    0.000000000000    0.000000000000   -0.000000000000    0.005045745507   -0.000000000000
   0.000000000000    0.000000000000    0.000000000000    0.000000000000   -0.000000000000   -0.000000000000    0.000000000000   -0.000000000000   -0.000000000000    0.000000000000   -0.000000000000   -0.000000000000    0.000000000000   -0.000000000000   -0.000000000000   -0.000000000000    0.000000000000    0.000000000000    0.000000000000    0.000000000000   -0.000000000000    0.000000000000    0.000000000000    0.000000000000    0.000000000000    1.846628905608    0.000000000000   -0.000000000000   -0.000000000000   -0.000000000000   -0.000000000000   -0.000000000000
  -0.000000000000   -0.000000000000   -0.000000000000   -0.000000000000    0.000000000000    0.000000000000   -0.000000000000    0.000000000000    0.000000000000   -0.000000000000    0.000000000000    0.000000000000   -0.000000000000    0.000000000000    0.000000000000    0.007813213658   -0.000000000000   -0.000000000000    0.000000000000   -0.000000000000    0.005045745507   -0.000000000000    0.000000000000    0.000000000000    0.000000000000    0.000000000000    1.840934121576    0.000000000000   -0.000000000000   -0.000000000000   -0.000000000000    0.000000000000
  -0.000000000000   -0.000000000000   -0.000000000000   -0.000000000000    0.000000000000   -0.000000000000    0.000000000000   -0.003654260766   -0.000000000000    0.000000000000   -0.005039415495   -0.000000000000    0.000000000000   -0.002477244634   -0.000000000000    0.000000000000    0.010198494988    0.000000000000    0.000000000000    0.000000000000    0.000000000000    0.006380030279    0.000000000000    0.000000000000    0.000000000000   -0.000000000000    0.000000000000    1.835754580821   -0.000000000000    0.000000000000    0.000000000000    0.000000000000
   0.000063003157    0.000174340060    0.000378247753   -0.000003884106   -0.001242712260   -0.001475913618    0.000000000000    0.000000000000   -0.003553899177    0.000000000000    0.000000000000   -0.011006913218   -0.000000000000    0.000000000000   -0.008669054314   -0.000000000000   -0.000000000000    0.010992347033    0.000000000000   -0.000000000000   -0.000000000000   -0.000000000000    0.006722024009    0.000000000000    0.000000000000   -0.000000000000   -0.000000000000   -0.000000000000    1.832323489107    0.000000000000   -0.000000000000   -0.000000000000
   0.000000000000    0.000000000000    0.000000000000    0.000000000000   -0.000000000000   -0.000000000000   -0.003654260766    0.000000000000    0.000000000000   -0.005039415495    0.000000000000    0.000000000000   -0.002477244634   -0.000000000000    0.000000000000   -0.000000000000    0.000000000000   -0.000000000000    0.010198494988   -0.000000000000   -0.000000000000    0.000000000000   -0.000000000000    0.006380030279   -0.000000000000   -0.000000000000   -0.000000000000    0.000000000000    0.000000000000    1.835754580821    0.000000000000    0.000000000000
   0.000000000000    0.000000000000    0.000000000000    0.000000000000   -0.000000000000   -0.000000000000   -0.000000000000    0.000000000000    0.000000000000   -0.000000000000    0.000000000000    0.000000000000   -0.000000000000    0.000000000000    0.000000000000   -0.000000000000   -0.000000000000   -0.000000000000   -0.000000000000    0.007813213658   -0.000000000000   -0.000000000000   -0.000000000000   -0.000000000000    0.005045745507   -0.000000000000   -0.000000000000    0.000000000000   -0.000000000000    0.000000000000    1.840934121576    0.000000000000
   0.000000000000    0.000000000000    0.000000000000    0.000000000000   -0.000000000000    0.000000000000    0.000000000000   -0.000000000000    0.000000000000    0.000000000000   -0.000000000000    0.000000000000    0.000000000000   -0.000000000000   -0.000000000000   -0.000000000000    0.000000000000   -0.000000000000    0.000000000000   -0.000000000000   -0.000000000000   -0.000000000000   -0.000000000000   -0.000000000000   -0.000000000000   -0.000000000000    0.000000000000    0.000000000000   -0.000000000000    0.000000000000    0.000000000000    1.846628905608
