  -0.000038952322   -0.000106682142   -0.000171469704    0.000231941494    0.156509449183    1.051008541451    0.000000000000    0.000000000000   -0.000067262938    0.000000000000    0.000000000000   -0.007703581910    0.000000000000    0.000000000000   -2.468694686445    0.000000000000   -0.000000000000    0.000625256861   -0.000000000000   -0.000000000000    0.000000000000   -0.000000000000    0.919625960033   -0.000000000000   -0.000000000000    0.000000000000   -0.000000000000    0.000000000000   -0.000096653135    0.000000000000    0.000000000000   -0.000000000000
  -0.000106694939   -0.000292143835   -0.000468240757    0.000634194315    0.129838845385    0.870032034204    0.000000000000    0.000000000000   -0.000191731999    0.000000000000    0.000000000000   -0.006597888118    0.000000000000    0.000000000000   -2.041437184338    0.000000000000   -0.000000000000    0.001181341441   -0.000000000000   -0.000000000000    0.000000000000   -0.000000000000    0.752596320054   -0.000000000000   -0.000000000000    0.000000000000   -0.000000000000    0.000000000000   -0.000244331824    0.000000000000    0.000000000000   -0.000000000000
  -0.000171593643   -0.000468525136   -0.000733457147    0.000947764985    0.002000892658    0.099939233040    0.000000000000    0.000000000000   -0.000349222512    0.000000000000    0.000000000000    0.006859763976    0.000000000000    0.000000000000   -0.255471354894    0.000000000000   -0.000000000000   -0.000170742366   -0.000000000000   -0.000000000000    0.000000000000   -0.000000000000    0.031058447565   -0.000000000000   -0.000000000000    0.000000000000   -0.000000000000    0.000000000000    0.000417465097    0.000000000000   -0.000000000000   -0.000000000000
   0.000232111512    0.000634577592    0.000947698229   -0.002342819274   -0.058651294165   -0.145357132701   -0.000000000000   -0.000000000000    0.001270002394   -0.000000000000   -0.000000000000    0.027570903854   -0.000000000000   -0.000000000000    0.266920675186   -0.000000000000    0.000000000000   -0.010226663333    0.000000000000    0.000000000000   -0.000000000000    0.000000000000   -0.187345365813    0.000000000000    0.000000000000   -0.000000000000    0.000000000000   -0.000000000000    0.005948804754   -0.000000000000    0.000000000000    0.000000000000
   0.156514837917    0.129852731709    0.002022039068   -0.058663176850   -0.162499009801   -0.276702065854    0.000000000000    0.000000000000    0.072464064069   -0.000000000000   -0.000000000000    0.105656294667   -0.000000000000   -0.000000000000    0.403167390125   -0.000000000000    0.000000000000   -0.051719189670    0.000000000000   -0.000000000000   -0.000000000000    0.000000000000   -0.202140998152    0.000000000000    0.000000000000   -0.000000000000    0.000000000000   -0.000000000000    0.010908645732   -0.000000000000    0.000000000000    0.000000000000
   1.051021486444    0.870064358100    0.099998028829   -0.145371483629   -0.276805663619   -0.309011528420    0.000000000000    0.000000000000    0.125122926556   -0.000000000000   -0.000000000000    0.130595272411   -0.000000000000   -0.000000000000    0.285829743918    0.000000000000    0.000000000000   -0.029826599224   -0.000000000000   -0.000000000000    0.000000000000    0.000000000000   -0.140256062965    0.000000000000    0.000000000000   -0.000000000000   -0.000000000000   -0.000000000000    0.005643129822   -0.000000000000    0.000000000000    0.000000000000
  -0.000000000000   -0.000000000000   -0.000000000000    0.000000000000    0.000000000000    0.000000000000    0.000132466109    0.000000000000   -0.000000000000   -0.003270901913    0.000000000000   -0.000000000000   -0.102432078178    0.000000000000    0.000000000000   -0.000000000000   -0.000000000000    0.000000000000    0.000598024197   -0.000000000000   -0.000000000000   -0.000000000000    0.000000000000    0.085492946137   -0.000000000000   -0.000000000000    0.000000000000   -0.000000000000   -0.000000000000   -0.001268500431    0.000000000000   -0.000000000000
  -0.000000000000   -0.000000000000   -0.000000000000    0.000000000000    0.000000000000    0.000000000000    0.000000000000    0.000132466109    0.000000000000    0.000000000000   -0.003270901913   -0.000000000000    0.000000000000   -0.102432078178   -0.000000000000   -0.000000000000    0.000598024197    0.000000000000    0.000000000000    0.000000000000   -0.000000000000    0.085492946137    0.000000000000   -0.000000000000    0.000000000000    0.000000000000   -0.000000000000   -0.001268500431   -0.000000000000   -0.000000000000    0.000000000000   -0.000000000000
   0.000066518706    0.000189652643    0.000345528556   -0.001265015864   -0.072434196496   -0.125107964650   -0.000000000000   -0.000000000000    0.000422500092   -0.000000000000    0.000000000000    0.033550224798   -0.000000000000   -0.000000000000    0.200060652176   -0.000000000000    0.000000000000   -0.009254195375    0.000000000000    0.000000000000    0.000000000000    0.000000000000   -0.288982832317    0.000000000000   -0.000000000000   -0.000000000000    0.000000000000    0.000000000000    0.006880778010   -0.000000000000    0.000000000000   -0.000000000000
   0.000000000000    0.000000000000    0.000000000000   -0.000000000000   -0.000000000000   -0.000000000000   -0.003272318105    0.000000000000    0.000000000000   -0.013746871629    0.000000000000   -0.000000000000   -0.086353479099    0.000000000000    0.000000000000   -0.000000000000    0.000000000000   -0.000000000000    0.014570064353    0.000000000000   -0.000000000000    0.000000000000   -0.000000000000    0.079540369655    0.000000000000   -0.000000000000    0.000000000000   -0.000000000000   -0.000000000000   -0.009917984354   -0.000000000000   -0.000000000000
  -0.000000000000   -0.000000000000   -0.000000000000    0.000000000000   -0.000000000000   -0.000000000000    0.000000000000   -0.003272318105    0.000000000000    0.000000000000   -0.013746871629   -0.000000000000    0.000000000000   -0.086353479099    0.000000000000    0.000000000000    0.014570064353    0.000000000000    0.000000000000   -0.000000000000    0.000000000000    0.079540369655    0.000000000000   -0.000000000000   -0.000000000000   -0.000000000000   -0.000000000000   -0.009917984354   -0.000000000000   -0.000000000000   -0.000000000000    0.000000000000
   0.007710349882    0.006616092369   -0.006832494617   -0.027603880765   -0.105825523115   -0.130763400507    0.000000000000   -0.000000000000    0.033571979241   -0.000000000000   -0.000000000000    0.089799273427   -0.000000000000   -0.000000000000    0.153267289420   -0.000000000000    0.000000000000   -0.056956755377   -0.000000000000   -0.000000000000    0.000000000000    0.000000000000   -0.191019287538   -0.000000000000   -0.000000000000   -0.000000000000    0.000000000000   -0.000000000000    0.026809786336   -0.000000000000    0.000000000000    0.000000000000
   0.000000000000    0.000000000000    0.000000000000   -0.000000000000   -0.000000000000   -0.000000000000   -0.102429513769   -0.000000000000    0.000000000000   -0.086358508021    0.000000000000    0.000000000000   -0.025045699628    0.000000000000    0.000000000000   -0.000000000000    0.000000000000   -0.000000000000    0.047098658024    0.000000000000    0.000000000000    0.000000000000   -0.000000000000    0.017522807798    0.000000000000    0.000000000000    0.000000000000   -0.000000000000    0.000000000000   -0.004913952772   -0.000000000000    0.000000000000
   0.000000000000    0.000000000000    0.000000000000    0.000000000000   -0.000000000000   -0.000000000000    0.000000000000   -0.102429513769   -0.000000000000    0.000000000000   -0.086358508021    0.000000000000    0.000000000000   -0.025045699628    0.000000000000    0.000000000000    0.047098658024    0.000000000000   -0.000000000000   -0.000000000000    0.000000000000    0.017522807798   -0.000000000000   -0.000000000000   -0.000000000000   -0.000000000000   -0.000000000000   -0.004913952772   -0.000000000000    0.000000000000    0.000000000000   -0.000000000000
   2.468725654258    2.041515439190    0.255617953473   -0.266977774295   -0.403733847838   -0.286344021081    0.000000000000    0.000000000000    0.200041859541   -0.000000000000    0.000000000000    0.153299887061   -0.000000000000    0.000000000000    0.041238226380    0.000000000000   -0.000000000000   -0.013888962504   -0.000000000000   -0.000000000000    0.000000000000   -0.000000000000   -0.060235470480   -0.000000000000   -0.000000000000   -0.000000000000   -0.000000000000   -0.000000000000    0.002317966998    0.000000000000    0.000000000000    0.000000000000
  -0.000000000000   -0.000000000000   -0.000000000000    0.000000000000    0.000000000000    0.000000000000   -0.000000000000    0.000000000000   -0.000000000000    0.000000000000   -0.000000000000   -0.000000000000    0.000000000000    0.000000000000    0.000000000000   -0.000244963390    0.000000000000    0.000000000000   -0.000000000000   -0.000000000000   -0.015443459581   -0.000000000000   -0.000000000000    0.000000000000   -0.000000000000   -0.000000000000    0.001827206114   -0.000000000000   -0.000000000000    0.000000000000    0.000000000000    0.000000000000
  -0.000000000000   -0.000000000000   -0.000000000000    0.000000000000    0.000000000000   -0.000000000000   -0.000000000000   -0.000599294445    0.000000000000    0.000000000000   -0.014565932820   -0.000000000000    0.000000000000   -0.047095306274    0.000000000000    0.000000000000    0.007260443474    0.000000000000    0.000000000000   -0.000000000000    0.000000000000    0.080939473181    0.000000000000   -0.000000000000   -0.000000000000   -0.000000000000   -0.000000000000   -0.011339535259   -0.000000000000   -0.000000000000    0.000000000000   -0.000000000000
   0.000625814432    0.001182718205   -0.000169722996   -0.010227977911   -0.051707759856   -0.029779027917    0.000000000000   -0.000000000000    0.009262330867   -0.000000000000   -0.000000000000    0.056919181017   -0.000000000000   -0.000000000000    0.013714736020   -0.000000000000    0.000000000000   -0.029162182442    0.000000000000   -0.000000000000    0.000000000000    0.000000000000   -0.088030074249   -0.000000000000   -0.000000000000   -0.000000000000   -0.000000000000    0.000000000000    0.024059203601   -0.000000000000    0.000000000000    0.000000000000
  -0.000000000000   -0.000000000000   -0.000000000000    0.000000000000    0.000000000000    0.000000000000   -0.000599294445   -0.000000000000   -0.000000000000   -0.014565932820   -0.000000000000   -0.000000000000   -0.047095306274    0.000000000000    0.000000000000   -0.000000000000    0.000000000000    0.000000000000    0.007260443474   -0.000000000000    0.000000000000   -0.000000000000   -0.000000000000    0.080939473181    0.000000000000   -0.000000000000    0.000000000000   -0.000000000000   -0.000000000000   -0.011339535259    0.000000000000    0.000000000000
   0.000000000000    0.000000000000    0.000000000000   -0.000000000000   -0.000000000000   -0.000000000000   -0.000000000000    0.000000000000    0.000000000000    0.000000000000   -0.000000000000    0.000000000000   -0.000000000000    0.000000000000    0.000000000000   -0.000000000000   -0.000000000000   -0.000000000000   -0.000000000000   -0.000244963390   -0.000000000000    0.000000000000    0.000000000000   -0.000000000000   -0.015443459581   -0.000000000000   -0.000000000000   -0.000000000000   -0.000000000000    0.000000000000    0.001827206114   -0.000000000000
  -0.000000000000   -0.000000000000   -0.000000000000    0.000000000000    0.000000000000    0.000000000000   -0.000000000000    0.000000000000   -0.000000000000    0.000000000000   -0.000000000000   -0.000000000000    0.000000000000    0.000000000000   -0.000000000000   -0.015446658673    0.000000000000    0.000000000000   -0.000000000000    0.000000000000   -0.005304088350   -0.000000000000   -0.000000000000   -0.000000000000    0.000000000000    0.000000000000    0.007236949875   -0.000000000000    0.000000000000    0.000000000000    0.000000000000    0.000000000000
  -0.000000000000   -0.000000000000    0.000000000000    0.000000000000    0.000000000000   -0.000000000000    0.000000000000   -0.085493086635   -0.000000000000    0.000000000000   -0.079551385984   -0.000000000000    0.000000000000   -0.017556124485    0.000000000000   -0.000000000000    0.080944097691    0.000000000000   -0.000000000000    0.000000000000   -0.000000000000   -0.015282580434    0.000000000000   -0.000000000000   -0.000000000000   -0.000000000000   -0.000000000000   -0.010803901367   -0.000000000000   -0.000000000000    0.000000000000   -0.000000000000
   0.919639432539    0.752630662072    0.031126068840   -0.187353666320   -0.202340624281   -0.140462268337   -0.000000000000    0.000000000000    0.288975038262   -0.000000000000    0.000000000000    0.191015982706   -0.000000000000    0.000000000000    0.060255659057    0.000000000000   -0.000000000000   -0.088077911710    0.000000000000   -0.000000000000    0.000000000000   -0.000000000000    0.026036303980   -0.000000000000   -0.000000000000   -0.000000000000   -0.000000000000    0.000000000000   -0.007451069673   -0.000000000000    0.000000000000    0.000000000000
  -0.000000000000   -0.000000000000   -0.000000000000    0.000000000000    0.000000000000    0.000000000000   -0.085493086635   -0.000000000000   -0.000000000000   -0.079551385984    0.000000000000   -0.000000000000   -0.017556124485    0.000000000000   -0.000000000000   -0.000000000000    0.000000000000   -0.000000000000    0.080944097691    0.000000000000    0.000000000000   -0.000000000000   -0.000000000000   -0.015282580434    0.000000000000    0.000000000000   -0.000000000000   -0.000000000000    0.000000000000   -0.010803901367   -0.000000000000   -0.000000000000
   0.000000000000    0.000000000000   -0.000000000000   -0.000000000000   -0.000000000000    0.000000000000   -0.000000000000   -0.000000000000    0.000000000000    0.000000000000   -0.000000000000    0.000000000000   -0.000000000000   -0.000000000000   -0.000000000000    0.000000000000    0.000000000000   -0.000000000000    0.000000000000   -0.015446658673    0.000000000000    0.000000000000   -0.000000000000    0.000000000000   -0.005304088350   -0.000000000000    0.000000000000   -0.000000000000   -0.000000000000    0.000000000000    0.007236949875   -0.000000000000
  -0.000000000000   -0.000000000000   -0.000000000000    0.000000000000    0.000000000000    0.000000000000    0.000000000000   -0.000000000000   -0.000000000000    0.000000000000   -0.000000000000    0.000000000000    0.000000000000   -0.000000000000   -0.000000000000    0.000000000000    0.000000000000    0.000000000000    0.000000000000    0.000000000000    0.000000000000    0.000000000000    0.000000000000   -0.000000000000    0.000000000000   -0.000125982070    0.000000000000   -0.000000000000    0.000000000000   -0.000000000000   -0.000000000000   -0.000000000000
  -0.000000000000   -0.000000000000   -0.000000000000    0.000000000000    0.000000000000    0.000000000000    0.000000000000    0.000000000000   -0.000000000000    0.000000000000   -0.000000000000   -0.000000000000   -0.000000000000    0.000000000000   -0.000000000000   -0.001828112637    0.000000000000    0.000000000000   -0.000000000000   -0.000000000000   -0.007240521976    0.000000000000   -0.000000000000   -0.000000000000   -0.000000000000   -0.000000000000    0.002149651283   -0.000000000000   -0.000000000000    0.000000000000    0.000000000000    0.000000000000
  -0.000000000000   -0.000000000000   -0.000000000000    0.000000000000    0.000000000000   -0.000000000000   -0.000000000000   -0.001269494317   -0.000000000000    0.000000000000   -0.009920286634   -0.000000000000   -0.000000000000   -0.004912770842    0.000000000000   -0.000000000000    0.011343154956    0.000000000000   -0.000000000000   -0.000000000000   -0.000000000000    0.010814798816    0.000000000000    0.000000000000   -0.000000000000   -0.000000000000   -0.000000000000   -0.011954219741   -0.000000000000    0.000000000000    0.000000000000    0.000000000000
   0.000097713017    0.000247161617   -0.000413583191   -0.005954546688   -0.010934985166   -0.005658214280   -0.000000000000    0.000000000000    0.006886151200   -0.000000000000    0.000000000000    0.026816748694   -0.000000000000    0.000000000000    0.002294857342    0.000000000000   -0.000000000000   -0.024070474040    0.000000000000   -0.000000000000   -0.000000000000   -0.000000000000    0.007450355839    0.000000000000   -0.000000000000   -0.000000000000   -0.000000000000    0.000000000000    0.023918383267   -0.000000000000    0.000000000000    0.000000000000
  -0.000000000000   -0.000000000000   -0.000000000000    0.000000000000    0.000000000000    0.000000000000   -0.001269494317   -0.000000000000   -0.000000000000   -0.009920286634   -0.000000000000   -0.000000000000   -0.004912770842    0.000000000000   -0.000000000000   -0.000000000000    0.000000000000    0.000000000000    0.011343154956   -0.000000000000   -0.000000000000   -0.000000000000    0.000000000000    0.010814798816   -0.000000000000   -0.000000000000    0.000000000000   -0.000000000000    0.000000000000   -0.011954219741    0.000000000000   -0.000000000000
   0.000000000000    0.000000000000    0.000000000000   -0.000000000000   -0.000000000000   -0.000000000000   -0.000000000000   -0.000000000000    0.000000000000    0.000000000000   -0.000000000000    0.000000000000    0.000000000000   -0.000000000000    0.000000000000   -0.000000000000    0.000000000000   -0.000000000000   -0.000000000000   -0.001828112637   -0.000000000000    0.000000000000   -0.000000000000   -0.000000000000   -0.007240521976   -0.000000000000    0.000000000000   -0.000000000000    0.000000000000    0.000000000000    0.002149651283   -0.000000000000
   0.000000000000   -0.000000000000   -0.000000000000    0.000000000000    0.000000000000   -0.000000000000   -0.000000000000    0.000000000000   -0.000000000000   -0.000000000000   -0.000000000000   -0.000000000000    0.000000000000   -0.000000000000    0.000000000000   -0.000000000000    0.000000000000   -0.000000000000   -0.000000000000   -0.000000000000   -0.000000000000    0.000000000000   -0.000000000000   -0.000000000000    0.000000000000    0.000000000000    0.000000000000   -0.000000000000    0.000000000000    0.000000000000    0.000000000000   -0.000125982070
