  -0.000014308254   -0.000039249780   -0.000062032558    0.000093116961    0.155627860291    1.050037556449   -0.000000000000    0.000000000000   -0.000042155742   -0.000000000000   -0.000000000000   -0.007423835254    0.000000000000   -0.000000000000   -2.468333429176    0.000000000000    0.000000000000    0.000575854381    0.000000000000    0.000000000000    0.000000000000    0.000000000000    0.919392307868    0.000000000000    0.000000000000   -0.000000000000   -0.000000000000   -0.000000000000   -0.000071059450   -0.000000000000   -0.000000000000   -0.000000000000
  -0.000039249780   -0.000107580039   -0.000168543545    0.000254195289    0.127420740945    0.867366429032   -0.000000000000    0.000000000000   -0.000123859098   -0.000000000000   -0.000000000000   -0.005824947599    0.000000000000   -0.000000000000   -2.040428517350    0.000000000000    0.000000000000    0.001046922173    0.000000000000    0.000000000000    0.000000000000    0.000000000000    0.751943545020    0.000000000000    0.000000000000   -0.000000000000   -0.000000000000   -0.000000000000   -0.000173415381   -0.000000000000   -0.000000000000   -0.000000000000
  -0.000062032558   -0.000168543545   -0.000244352490    0.000330502495   -0.002109142365    0.095305834467   -0.000000000000    0.000000000000   -0.000250135113   -0.000000000000   -0.000000000000    0.008219152876    0.000000000000   -0.000000000000   -0.253306846559    0.000000000000    0.000000000000   -0.000382634889    0.000000000000    0.000000000000    0.000000000000    0.000000000000    0.029287510826    0.000000000000    0.000000000000   -0.000000000000   -0.000000000000   -0.000000000000    0.000546151727   -0.000000000000    0.000000000000   -0.000000000000
   0.000093116961    0.000254195289    0.000330502495   -0.001566119410   -0.054331375518   -0.140940288981    0.000000000000   -0.000000000000    0.001133640237    0.000000000000    0.000000000000    0.026285482925    0.000000000000    0.000000000000    0.266427029702   -0.000000000000   -0.000000000000   -0.010085653170   -0.000000000000   -0.000000000000   -0.000000000000   -0.000000000000   -0.188557363799   -0.000000000000   -0.000000000000    0.000000000000   -0.000000000000    0.000000000000    0.005884723442    0.000000000000    0.000000000000    0.000000000000
   0.155627860291    0.127420740945   -0.002109142366   -0.054331375518   -0.135227818914   -0.247703597543    0.000000000000   -0.000000000000    0.072717557642    0.000000000000    0.000000000000    0.098316579557    0.000000000000    0.000000000000    0.394629330506    0.000000000000   -0.000000000000   -0.052265484686   -0.000000000000   -0.000000000000    0.000000000000   -0.000000000000   -0.203411666588   -0.000000000000   -0.000000000000    0.000000000000   -0.000000000000    0.000000000000    0.011146684993    0.000000000000   -0.000000000000    0.000000000000
   1.050037556449    0.867366429032    0.095305834467   -0.140940288981   -0.247703597543   -0.278843295194    0.000000000000    0.000000000000    0.127288852166    0.000000000000    0.000000000000    0.122308019603    0.000000000000    0.000000000000    0.272041488502    0.000000000000   -0.000000000000   -0.030742745930   -0.000000000000   -0.000000000000    0.000000000000   -0.000000000000   -0.141026823092   -0.000000000000   -0.000000000000   -0.000000000000   -0.000000000000    0.000000000000    0.005119949189    0.000000000000   -0.000000000000    0.000000000000
  -0.000000000000   -0.000000000000    0.000000000000    0.000000000000   -0.000000000000   -0.000000000000    0.000161229163    0.000000000000   -0.000000000000   -0.003011611133    0.000000000000    0.000000000000   -0.102144428857   -0.000000000000    0.000000000000    0.000000000000    0.000000000000   -0.000000000000    0.000487416369   -0.000000000000    0.000000000000    0.000000000000   -0.000000000000    0.085389721711    0.000000000000    0.000000000000    0.000000000000   -0.000000000000    0.000000000000   -0.001187853781   -0.000000000000   -0.000000000000
  -0.000000000000   -0.000000000000   -0.000000000000    0.000000000000    0.000000000000    0.000000000000   -0.000000000000    0.000161229163    0.000000000000    0.000000000000   -0.003011611133    0.000000000000   -0.000000000000   -0.102144428857   -0.000000000000    0.000000000000    0.000487416369   -0.000000000000   -0.000000000000   -0.000000000000    0.000000000000    0.085389721711    0.000000000000    0.000000000000   -0.000000000000   -0.000000000000   -0.000000000000   -0.001187853781    0.000000000000    0.000000000000    0.000000000000    0.000000000000
   0.000042155742    0.000123859098    0.000250135113   -0.001133640237   -0.072717557642   -0.127288852166    0.000000000000   -0.000000000000    0.000288589049    0.000000000000    0.000000000000    0.033837836239    0.000000000000    0.000000000000    0.206091462666   -0.000000000000    0.000000000000   -0.009086627213   -0.000000000000   -0.000000000000   -0.000000000000   -0.000000000000   -0.292378161802   -0.000000000000   -0.000000000000   -0.000000000000   -0.000000000000   -0.000000000000    0.006906736764    0.000000000000    0.000000000000   -0.000000000000
   0.000000000000    0.000000000000    0.000000000000    0.000000000000   -0.000000000000    0.000000000000   -0.003011611133    0.000000000000   -0.000000000000   -0.012524904694    0.000000000000   -0.000000000000   -0.085278305547   -0.000000000000   -0.000000000000   -0.000000000000   -0.000000000000    0.000000000000    0.014220625446    0.000000000000   -0.000000000000   -0.000000000000    0.000000000000    0.079876556250    0.000000000000    0.000000000000    0.000000000000    0.000000000000    0.000000000000   -0.009861451389   -0.000000000000   -0.000000000000
  -0.000000000000   -0.000000000000   -0.000000000000    0.000000000000    0.000000000000    0.000000000000   -0.000000000000   -0.003011611133   -0.000000000000    0.000000000000   -0.012524904694   -0.000000000000   -0.000000000000   -0.085278305547   -0.000000000000   -0.000000000000    0.014220625446    0.000000000000    0.000000000000    0.000000000000   -0.000000000000    0.079876556250    0.000000000000    0.000000000000    0.000000000000   -0.000000000000    0.000000000000   -0.009861451389   -0.000000000000    0.000000000000    0.000000000000   -0.000000000000
   0.007423835254    0.005824947599   -0.008219152876   -0.026285482925   -0.098316579557   -0.122308019603    0.000000000000   -0.000000000000    0.033837836239    0.000000000000    0.000000000000    0.085954918563    0.000000000000    0.000000000000    0.145466238477    0.000000000000   -0.000000000000   -0.058157547767   -0.000000000000   -0.000000000000    0.000000000000   -0.000000000000   -0.195187565141   -0.000000000000   -0.000000000000    0.000000000000   -0.000000000000    0.000000000000    0.027273106918    0.000000000000    0.000000000000    0.000000000000
   0.000000000000    0.000000000000    0.000000000000    0.000000000000    0.000000000000    0.000000000000   -0.102144428857   -0.000000000000    0.000000000000   -0.085278305547    0.000000000000   -0.000000000000   -0.025624677400    0.000000000000   -0.000000000000   -0.000000000000   -0.000000000000    0.000000000000    0.048311867675    0.000000000000   -0.000000000000   -0.000000000000    0.000000000000    0.020485465076    0.000000000000    0.000000000000    0.000000000000    0.000000000000   -0.000000000000   -0.005627749758   -0.000000000000    0.000000000000
  -0.000000000000   -0.000000000000   -0.000000000000    0.000000000000    0.000000000000    0.000000000000   -0.000000000000   -0.102144428857   -0.000000000000    0.000000000000   -0.085278305547   -0.000000000000    0.000000000000   -0.025624677400   -0.000000000000   -0.000000000000    0.048311867675    0.000000000000    0.000000000000   -0.000000000000   -0.000000000000    0.020485465076    0.000000000000    0.000000000000   -0.000000000000   -0.000000000000    0.000000000000   -0.005627749758   -0.000000000000   -0.000000000000   -0.000000000000   -0.000000000000
   2.468333429176    2.040428517350    0.253306846559   -0.266427029702   -0.394629330506   -0.272041488502    0.000000000000    0.000000000000    0.206091462665    0.000000000000    0.000000000000    0.145466238477    0.000000000000    0.000000000000   -0.001701710365    0.000000000000   -0.000000000000   -0.017618195402    0.000000000000    0.000000000000    0.000000000000   -0.000000000000   -0.059068382433   -0.000000000000    0.000000000000    0.000000000000   -0.000000000000    0.000000000000    0.000965364303    0.000000000000    0.000000000000    0.000000000000
   0.000000000000    0.000000000000    0.000000000000    0.000000000000   -0.000000000000    0.000000000000    0.000000000000    0.000000000000   -0.000000000000   -0.000000000000   -0.000000000000   -0.000000000000   -0.000000000000   -0.000000000000    0.000000000000   -0.000168669107    0.000000000000    0.000000000000    0.000000000000   -0.000000000000   -0.015499192300    0.000000000000   -0.000000000000   -0.000000000000   -0.000000000000   -0.000000000000    0.001780368278   -0.000000000000    0.000000000000   -0.000000000000    0.000000000000   -0.000000000000
   0.000000000000    0.000000000000    0.000000000000   -0.000000000000   -0.000000000000    0.000000000000   -0.000000000000   -0.000487416369   -0.000000000000    0.000000000000   -0.014220625446    0.000000000000   -0.000000000000   -0.048311867675    0.000000000000    0.000000000000    0.006766999368    0.000000000000   -0.000000000000   -0.000000000000    0.000000000000    0.082803128952   -0.000000000000    0.000000000000    0.000000000000   -0.000000000000   -0.000000000000   -0.011310605064    0.000000000000   -0.000000000000    0.000000000000   -0.000000000000
   0.000575854381    0.001046922173   -0.000382634889   -0.010085653170   -0.052265484685   -0.030742745928    0.000000000000    0.000000000000    0.009086627213    0.000000000000    0.000000000000    0.058157547767    0.000000000000    0.000000000000    0.017618195401    0.000000000000   -0.000000000000   -0.029457072155   -0.000000000000   -0.000000000000    0.000000000000   -0.000000000000   -0.093404690818   -0.000000000000   -0.000000000000    0.000000000000   -0.000000000000    0.000000000000    0.024577779163    0.000000000000    0.000000000000   -0.000000000000
   0.000000000000    0.000000000000    0.000000000000   -0.000000000000    0.000000000000    0.000000000000   -0.000487416369    0.000000000000   -0.000000000000   -0.014220625446   -0.000000000000    0.000000000000   -0.048311867675   -0.000000000000   -0.000000000000   -0.000000000000    0.000000000000    0.000000000000    0.006766999368   -0.000000000000    0.000000000000    0.000000000000   -0.000000000000    0.082803128952    0.000000000000    0.000000000000    0.000000000000   -0.000000000000    0.000000000000   -0.011310605064   -0.000000000000   -0.000000000000
   0.000000000000    0.000000000000    0.000000000000   -0.000000000000   -0.000000000000   -0.000000000000   -0.000000000000   -0.000000000000    0.000000000000    0.000000000000   -0.000000000000   -0.000000000000   -0.000000000000   -0.000000000000   -0.000000000000   -0.000000000000    0.000000000000   -0.000000000000    0.000000000000   -0.000168669107   -0.000000000000    0.000000000000    0.000000000000    0.000000000000   -0.015499192300   -0.000000000000   -0.000000000000   -0.000000000000   -0.000000000000   -0.000000000000    0.001780368278   -0.000000000000
  -0.000000000000    0.000000000000    0.000000000000    0.000000000000   -0.000000000000    0.000000000000   -0.000000000000    0.000000000000   -0.000000000000   -0.000000000000   -0.000000000000    0.000000000000   -0.000000000000   -0.000000000000    0.000000000000   -0.015499192300    0.000000000000   -0.000000000000   -0.000000000000   -0.000000000000   -0.006543849541    0.000000000000   -0.000000000000   -0.000000000000   -0.000000000000   -0.000000000000    0.007479415679   -0.000000000000    0.000000000000   -0.000000000000    0.000000000000    0.000000000000
   0.000000000000    0.000000000000    0.000000000000   -0.000000000000    0.000000000000    0.000000000000   -0.000000000000   -0.085389721711   -0.000000000000    0.000000000000   -0.079876556250   -0.000000000000   -0.000000000000   -0.020485465076   -0.000000000000   -0.000000000000    0.082803128952    0.000000000000    0.000000000000    0.000000000000   -0.000000000000   -0.008083067143    0.000000000000    0.000000000000    0.000000000000   -0.000000000000   -0.000000000000   -0.012802598395   -0.000000000000   -0.000000000000    0.000000000000   -0.000000000000
   0.919392307868    0.751943545020    0.029287510826   -0.188557363799   -0.203411666588   -0.141026823092    0.000000000000   -0.000000000000    0.292378161802    0.000000000000    0.000000000000    0.195187565141    0.000000000000    0.000000000000    0.059068382433    0.000000000000   -0.000000000000   -0.093404690820    0.000000000000    0.000000000000    0.000000000000   -0.000000000000    0.016726948849   -0.000000000000    0.000000000000    0.000000000000   -0.000000000000    0.000000000000   -0.004665159643    0.000000000000    0.000000000000    0.000000000000
   0.000000000000    0.000000000000    0.000000000000   -0.000000000000    0.000000000000    0.000000000000   -0.085389721711    0.000000000000   -0.000000000000   -0.079876556250   -0.000000000000   -0.000000000000   -0.020485465076   -0.000000000000   -0.000000000000    0.000000000000   -0.000000000000   -0.000000000000    0.082803128952    0.000000000000    0.000000000000   -0.000000000000    0.000000000000   -0.008083067143    0.000000000000    0.000000000000    0.000000000000   -0.000000000000    0.000000000000   -0.012802598395   -0.000000000000    0.000000000000
   0.000000000000    0.000000000000    0.000000000000   -0.000000000000   -0.000000000000   -0.000000000000    0.000000000000    0.000000000000   -0.000000000000    0.000000000000   -0.000000000000   -0.000000000000   -0.000000000000   -0.000000000000   -0.000000000000    0.000000000000    0.000000000000   -0.000000000000    0.000000000000   -0.015499192300    0.000000000000    0.000000000000   -0.000000000000    0.000000000000   -0.006543849541   -0.000000000000   -0.000000000000   -0.000000000000    0.000000000000   -0.000000000000    0.007479415679   -0.000000000000
   0.000000000000    0.000000000000    0.000000000000   -0.000000000000   -0.000000000000   -0.000000000000   -0.000000000000   -0.000000000000    0.000000000000   -0.000000000000   -0.000000000000    0.000000000000    0.000000000000   -0.000000000000    0.000000000000   -0.000000000000    0.000000000000   -0.000000000000   -0.000000000000   -0.000000000000   -0.000000000000    0.000000000000   -0.000000000000   -0.000000000000   -0.000000000000   -0.000117660337    0.000000000000    0.000000000000    0.000000000000    0.000000000000   -0.000000000000   -0.000000000000
   0.000000000000    0.000000000000    0.000000000000    0.000000000000   -0.000000000000   -0.000000000000    0.000000000000    0.000000000000   -0.000000000000    0.000000000000   -0.000000000000    0.000000000000    0.000000000000   -0.000000000000    0.000000000000   -0.001780368278   -0.000000000000    0.000000000000   -0.000000000000    0.000000000000   -0.007479415679   -0.000000000000   -0.000000000000   -0.000000000000    0.000000000000   -0.000000000000    0.002108574431    0.000000000000   -0.000000000000    0.000000000000    0.000000000000    0.000000000000
   0.000000000000    0.000000000000    0.000000000000   -0.000000000000    0.000000000000    0.000000000000    0.000000000000   -0.001187853781   -0.000000000000    0.000000000000   -0.009861451389   -0.000000000000   -0.000000000000   -0.005627749758    0.000000000000   -0.000000000000    0.011310605064    0.000000000000   -0.000000000000   -0.000000000000   -0.000000000000    0.012802598394    0.000000000000   -0.000000000000   -0.000000000000   -0.000000000000   -0.000000000000   -0.012007920591    0.000000000000    0.000000000000    0.000000000000   -0.000000000000
   0.000071059450    0.000173415381   -0.000546151727   -0.005884723442   -0.011146684993   -0.005119949189    0.000000000000   -0.000000000000    0.006906736764    0.000000000000   -0.000000000000    0.027273106918    0.000000000000    0.000000000000    0.000965364302   -0.000000000000    0.000000000000   -0.024577779163    0.000000000000    0.000000000000   -0.000000000000    0.000000000000    0.004665159643    0.000000000000    0.000000000000    0.000000000000    0.000000000000    0.000000000000    0.024272713745   -0.000000000000   -0.000000000000   -0.000000000000
   0.000000000000    0.000000000000    0.000000000000    0.000000000000    0.000000000000    0.000000000000   -0.001187853781    0.000000000000   -0.000000000000   -0.009861451389   -0.000000000000   -0.000000000000   -0.005627749758   -0.000000000000   -0.000000000000    0.000000000000    0.000000000000   -0.000000000000    0.011310605064   -0.000000000000    0.000000000000    0.000000000000    0.000000000000    0.012802598394   -0.000000000000    0.000000000000   -0.000000000000   -0.000000000000    0.000000000000   -0.012007920591    0.000000000000   -0.000000000000
   0.000000000000    0.000000000000    0.000000000000   -0.000000000000   -0.000000000000   -0.000000000000   -0.000000000000   -0.000000000000   -0.000000000000   -0.000000000000   -0.000000000000   -0.000000000000    0.000000000000   -0.000000000000    0.000000000000   -0.000000000000    0.000000000000    0.000000000000    0.000000000000   -0.001780368278   -0.000000000000    0.000000000000    0.000000000000    0.000000000000   -0.007479415679   -0.000000000000    0.000000000000   -0.000000000000   -0.000000000000   -0.000000000000    0.002108574431   -0.000000000000
  -0.000000000000   -0.000000000000   -0.000000000000    0.000000000000    0.000000000000    0.000000000000   -0.000000000000    0.000000000000    0.000000000000   -0.000000000000   -0.000000000000   -0.000000000000    0.000000000000    0.000000000000   -0.000000000000   -0.000000000000    0.000000000000   -0.000000000000   -0.000000000000   -0.000000000000   -0.000000000000   -0.000000000000    0.000000000000   -0.000000000000   -0.000000000000    0.000000000000    0.000000000000   -0.000000000000    0.000000000000   -0.000000000000    0.000000000000   -0.000117660337
