  -0.000039627664   -0.000108534218   -0.000174511266    0.000235801790    0.156533653526    1.051026282032    0.000000000000    0.000000000000   -0.000067728225   -0.000000000000   -0.000000000000   -0.007713341018   -0.000000000000   -0.000000000000   -2.468682099344   -0.000000000000   -0.000000000000    0.000626253595   -0.000000000000   -0.000000000000   -0.000000000000   -0.000000000000    0.919626066583    0.000000000000   -0.000000000000    0.000000000000    0.000000000000    0.000000000000   -0.000097729332    0.000000000000    0.000000000000   -0.000000000000
  -0.000108539522   -0.000297203078   -0.000476554231    0.000644742438    0.129907068612    0.870093989740    0.000000000000    0.000000000000   -0.000192974421   -0.000000000000   -0.000000000000   -0.006624851561   -0.000000000000   -0.000000000000   -2.041434604561   -0.000000000000   -0.000000000000    0.001184065440   -0.000000000000   -0.000000000000   -0.000000000000   -0.000000000000    0.752608557952    0.000000000000   -0.000000000000    0.000000000000    0.000000000000    0.000000000000   -0.000247301783    0.000000000000    0.000000000000   -0.000000000000
  -0.000174558406   -0.000476659908   -0.000746862126    0.000964702009    0.002110682288    0.100023516999    0.000000000000    0.000000000000   -0.000350951763    0.000000000000   -0.000000000000    0.006815004772   -0.000000000000   -0.000000000000   -0.255428273462   -0.000000000000   -0.000000000000   -0.000166692172   -0.000000000000   -0.000000000000   -0.000000000000   -0.000000000000    0.031074445383    0.000000000000   -0.000000000000    0.000000000000    0.000000000000    0.000000000000    0.000412563658    0.000000000000   -0.000000000000   -0.000000000000
   0.000235865450    0.000644884955    0.000964702261   -0.002364309671   -0.058796158951   -0.145578558302   -0.000000000000   -0.000000000000    0.001272118241    0.000000000000   -0.000000000000    0.027624106407    0.000000000000    0.000000000000    0.267156034608    0.000000000000    0.000000000000   -0.010230219128    0.000000000000    0.000000000000    0.000000000000    0.000000000000   -0.187415547707   -0.000000000000    0.000000000000   -0.000000000000   -0.000000000000   -0.000000000000    0.005954105244   -0.000000000000   -0.000000000000    0.000000000000
   0.156535974381    0.129912708863    0.002120321443   -0.058797100681   -0.163340794129   -0.277727587752   -0.000000000000   -0.000000000000    0.072463796452    0.000000000000   -0.000000000000    0.105974268881    0.000000000000    0.000000000000    0.403868506964    0.000000000000    0.000000000000   -0.051716175863    0.000000000000   -0.000000000000    0.000000000000    0.000000000000   -0.202358106124   -0.000000000000    0.000000000000   -0.000000000000   -0.000000000000   -0.000000000000    0.010923402589   -0.000000000000    0.000000000000    0.000000000000
   1.051034074910    0.870111596691    0.100059352016   -0.145570245129   -0.277768177852   -0.310143048553   -0.000000000000   -0.000000000000    0.125086419936    0.000000000000   -0.000000000000    0.130942679018    0.000000000000    0.000000000000    0.286599344121   -0.000000000000    0.000000000000   -0.029804861687    0.000000000000   -0.000000000000    0.000000000000    0.000000000000   -0.140393577063   -0.000000000000    0.000000000000   -0.000000000000   -0.000000000000   -0.000000000000    0.005663871138   -0.000000000000    0.000000000000    0.000000000000
   0.000000000000    0.000000000000    0.000000000000   -0.000000000000   -0.000000000000   -0.000000000000    0.000131597723    0.000000000000   -0.000000000000   -0.003278688866    0.000000000000   -0.000000000000   -0.102464371296   -0.000000000000    0.000000000000    0.000000000000   -0.000000000000    0.000000000000    0.000601507449    0.000000000000    0.000000000000   -0.000000000000   -0.000000000000    0.085514217600   -0.000000000000    0.000000000000    0.000000000000   -0.000000000000   -0.000000000000   -0.001270980567   -0.000000000000    0.000000000000
   0.000000000000    0.000000000000    0.000000000000   -0.000000000000   -0.000000000000   -0.000000000000   -0.000000000000    0.000131597723    0.000000000000   -0.000000000000   -0.003278688866    0.000000000000   -0.000000000000   -0.102464371296    0.000000000000    0.000000000000    0.000601507449   -0.000000000000    0.000000000000   -0.000000000000    0.000000000000    0.085514217600   -0.000000000000    0.000000000000    0.000000000000    0.000000000000   -0.000000000000   -0.001270980567   -0.000000000000    0.000000000000   -0.000000000000   -0.000000000000
   0.000067386926    0.000192027470    0.000349310640   -0.001270024938   -0.072453356873   -0.125079272589    0.000000000000   -0.000000000000    0.000425680482    0.000000000000   -0.000000000000    0.033553788794    0.000000000000   -0.000000000000    0.199913569287    0.000000000000    0.000000000000   -0.009259117995   -0.000000000000    0.000000000000   -0.000000000000    0.000000000000   -0.288960748647   -0.000000000000    0.000000000000   -0.000000000000   -0.000000000000   -0.000000000000    0.006882387229    0.000000000000   -0.000000000000    0.000000000000
  -0.000000000000   -0.000000000000   -0.000000000000    0.000000000000    0.000000000000    0.000000000000   -0.003279411679   -0.000000000000    0.000000000000   -0.013786170815   -0.000000000000   -0.000000000000   -0.086469553517   -0.000000000000   -0.000000000000   -0.000000000000    0.000000000000   -0.000000000000    0.014581477930   -0.000000000000   -0.000000000000    0.000000000000    0.000000000000    0.079608708560   -0.000000000000    0.000000000000    0.000000000000   -0.000000000000   -0.000000000000   -0.009923795801    0.000000000000    0.000000000000
  -0.000000000000   -0.000000000000   -0.000000000000   -0.000000000000    0.000000000000    0.000000000000   -0.000000000000   -0.003279411679    0.000000000000   -0.000000000000   -0.013786170815   -0.000000000000    0.000000000000   -0.086469553517    0.000000000000   -0.000000000000    0.014581477930    0.000000000000   -0.000000000000    0.000000000000   -0.000000000000    0.079608708560   -0.000000000000   -0.000000000000    0.000000000000   -0.000000000000    0.000000000000   -0.009923795801   -0.000000000000    0.000000000000   -0.000000000000   -0.000000000000
   0.007716270748    0.006632739091   -0.006802584027   -0.027637666220   -0.106062927153   -0.131053373159   -0.000000000000   -0.000000000000    0.033559693830    0.000000000000   -0.000000000000    0.089998753104    0.000000000000    0.000000000000    0.153754897735    0.000000000000    0.000000000000   -0.056953125633    0.000000000000   -0.000000000000    0.000000000000    0.000000000000   -0.191125869584    0.000000000000    0.000000000000    0.000000000000   -0.000000000000   -0.000000000000    0.026823552159   -0.000000000000    0.000000000000    0.000000000000
  -0.000000000000   -0.000000000000   -0.000000000000    0.000000000000    0.000000000000    0.000000000000   -0.102460608017    0.000000000000    0.000000000000   -0.086464929071   -0.000000000000   -0.000000000000   -0.025351374079   -0.000000000000   -0.000000000000   -0.000000000000    0.000000000000   -0.000000000000    0.047087097828    0.000000000000   -0.000000000000    0.000000000000    0.000000000000    0.017611762748    0.000000000000   -0.000000000000    0.000000000000   -0.000000000000   -0.000000000000   -0.004901069993    0.000000000000    0.000000000000
  -0.000000000000   -0.000000000000   -0.000000000000    0.000000000000    0.000000000000    0.000000000000   -0.000000000000   -0.102460608017    0.000000000000    0.000000000000   -0.086464929071   -0.000000000000   -0.000000000000   -0.025351374079    0.000000000000   -0.000000000000    0.047087097828    0.000000000000   -0.000000000000    0.000000000000   -0.000000000000    0.017611762748    0.000000000000   -0.000000000000    0.000000000000   -0.000000000000    0.000000000000   -0.004901069993   -0.000000000000   -0.000000000000   -0.000000000000   -0.000000000000
   2.468702721537    2.041482653068    0.255524992231   -0.267158612165   -0.404178776162   -0.286985143564    0.000000000000   -0.000000000000    0.199905811270    0.000000000000   -0.000000000000    0.153737586484    0.000000000000   -0.000000000000    0.043090020811   -0.000000000000    0.000000000000   -0.013825552221    0.000000000000   -0.000000000000    0.000000000000    0.000000000000   -0.060364796757    0.000000000000   -0.000000000000   -0.000000000000   -0.000000000000   -0.000000000000    0.002364718487   -0.000000000000    0.000000000000    0.000000000000
  -0.000000000000    0.000000000000    0.000000000000   -0.000000000000   -0.000000000000   -0.000000000000   -0.000000000000    0.000000000000    0.000000000000    0.000000000000   -0.000000000000    0.000000000000    0.000000000000    0.000000000000    0.000000000000   -0.000247296376    0.000000000000   -0.000000000000    0.000000000000   -0.000000000000   -0.015450294836   -0.000000000000    0.000000000000   -0.000000000000    0.000000000000   -0.000000000000    0.001828889233    0.000000000000   -0.000000000000    0.000000000000    0.000000000000   -0.000000000000
   0.000000000000    0.000000000000    0.000000000000   -0.000000000000   -0.000000000000   -0.000000000000    0.000000000000   -0.000602227361    0.000000000000   -0.000000000000   -0.014579285231   -0.000000000000   -0.000000000000   -0.047087163795   -0.000000000000    0.000000000000    0.007275286604   -0.000000000000    0.000000000000    0.000000000000   -0.000000000000    0.080941086723    0.000000000000    0.000000000000   -0.000000000000   -0.000000000000   -0.000000000000   -0.011343788428   -0.000000000000    0.000000000000   -0.000000000000   -0.000000000000
   0.000626360152    0.001184327397   -0.000166406646   -0.010230291560   -0.051722157700   -0.029810559405   -0.000000000000   -0.000000000000    0.009259774486    0.000000000000   -0.000000000000    0.056954564472    0.000000000000    0.000000000000    0.013829803838    0.000000000000    0.000000000000   -0.029161852287    0.000000000000    0.000000000000   -0.000000000000    0.000000000000   -0.088016641018   -0.000000000000   -0.000000000000    0.000000000000   -0.000000000000   -0.000000000000    0.024062029217    0.000000000000   -0.000000000000    0.000000000000
  -0.000000000000   -0.000000000000   -0.000000000000    0.000000000000    0.000000000000    0.000000000000   -0.000602227361    0.000000000000   -0.000000000000   -0.014579285231   -0.000000000000   -0.000000000000   -0.047087163795   -0.000000000000   -0.000000000000    0.000000000000   -0.000000000000    0.000000000000    0.007275286604   -0.000000000000   -0.000000000000    0.000000000000   -0.000000000000    0.080941086723   -0.000000000000   -0.000000000000    0.000000000000   -0.000000000000   -0.000000000000   -0.011343788428   -0.000000000000    0.000000000000
  -0.000000000000   -0.000000000000   -0.000000000000    0.000000000000    0.000000000000    0.000000000000    0.000000000000    0.000000000000   -0.000000000000   -0.000000000000   -0.000000000000    0.000000000000   -0.000000000000    0.000000000000   -0.000000000000    0.000000000000    0.000000000000    0.000000000000   -0.000000000000   -0.000247296376   -0.000000000000   -0.000000000000    0.000000000000    0.000000000000   -0.015450294836   -0.000000000000    0.000000000000   -0.000000000000   -0.000000000000    0.000000000000    0.001828889233    0.000000000000
  -0.000000000000   -0.000000000000   -0.000000000000    0.000000000000    0.000000000000    0.000000000000   -0.000000000000    0.000000000000    0.000000000000    0.000000000000    0.000000000000    0.000000000000    0.000000000000    0.000000000000   -0.000000000000   -0.015451372139   -0.000000000000   -0.000000000000   -0.000000000000   -0.000000000000   -0.005331996083   -0.000000000000    0.000000000000    0.000000000000    0.000000000000   -0.000000000000    0.007240496550    0.000000000000   -0.000000000000    0.000000000000    0.000000000000    0.000000000000
   0.000000000000    0.000000000000    0.000000000000   -0.000000000000   -0.000000000000   -0.000000000000    0.000000000000   -0.085513023416    0.000000000000    0.000000000000   -0.079609026180    0.000000000000   -0.000000000000   -0.017630563913    0.000000000000   -0.000000000000    0.080939930237   -0.000000000000   -0.000000000000    0.000000000000   -0.000000000000   -0.015227762583   -0.000000000000    0.000000000000    0.000000000000   -0.000000000000    0.000000000000   -0.010786911753   -0.000000000000   -0.000000000000   -0.000000000000   -0.000000000000
   0.919632795238    0.752623822118    0.031108370026   -0.187401710778   -0.202411667456   -0.140451729711   -0.000000000000   -0.000000000000    0.288946101751    0.000000000000   -0.000000000000    0.191089298135    0.000000000000    0.000000000000    0.060304253873    0.000000000000    0.000000000000   -0.088000136184    0.000000000000   -0.000000000000    0.000000000000    0.000000000000    0.026144308404    0.000000000000   -0.000000000000    0.000000000000   -0.000000000000   -0.000000000000   -0.007497407690    0.000000000000    0.000000000000    0.000000000000
  -0.000000000000   -0.000000000000   -0.000000000000    0.000000000000    0.000000000000    0.000000000000   -0.085513023416    0.000000000000   -0.000000000000   -0.079609026180   -0.000000000000    0.000000000000   -0.017630563913   -0.000000000000    0.000000000000   -0.000000000000    0.000000000000   -0.000000000000    0.080939930237    0.000000000000   -0.000000000000    0.000000000000   -0.000000000000   -0.015227762583    0.000000000000   -0.000000000000    0.000000000000   -0.000000000000   -0.000000000000   -0.010786911753    0.000000000000    0.000000000000
  -0.000000000000   -0.000000000000   -0.000000000000   -0.000000000000    0.000000000000    0.000000000000    0.000000000000    0.000000000000    0.000000000000    0.000000000000    0.000000000000    0.000000000000   -0.000000000000    0.000000000000    0.000000000000   -0.000000000000    0.000000000000    0.000000000000   -0.000000000000   -0.015451372139   -0.000000000000   -0.000000000000    0.000000000000    0.000000000000   -0.005331996083   -0.000000000000    0.000000000000   -0.000000000000   -0.000000000000    0.000000000000    0.007240496550    0.000000000000
  -0.000000000000   -0.000000000000   -0.000000000000    0.000000000000    0.000000000000    0.000000000000    0.000000000000    0.000000000000    0.000000000000    0.000000000000    0.000000000000   -0.000000000000   -0.000000000000    0.000000000000   -0.000000000000   -0.000000000000    0.000000000000    0.000000000000   -0.000000000000   -0.000000000000   -0.000000000000    0.000000000000    0.000000000000    0.000000000000    0.000000000000   -0.000126222862    0.000000000000   -0.000000000000   -0.000000000000   -0.000000000000   -0.000000000000    0.000000000000
  -0.000000000000   -0.000000000000   -0.000000000000    0.000000000000    0.000000000000   -0.000000000000    0.000000000000   -0.000000000000    0.000000000000    0.000000000000   -0.000000000000   -0.000000000000    0.000000000000    0.000000000000    0.000000000000   -0.001829356823    0.000000000000    0.000000000000   -0.000000000000    0.000000000000   -0.007242842394   -0.000000000000    0.000000000000   -0.000000000000    0.000000000000   -0.000000000000    0.002151069094    0.000000000000   -0.000000000000    0.000000000000    0.000000000000    0.000000000000
   0.000000000000    0.000000000000    0.000000000000   -0.000000000000   -0.000000000000   -0.000000000000    0.000000000000   -0.001271490884    0.000000000000   -0.000000000000   -0.009925051459    0.000000000000   -0.000000000000   -0.004901346790    0.000000000000    0.000000000000    0.011345783489   -0.000000000000   -0.000000000000    0.000000000000    0.000000000000    0.010795198639   -0.000000000000    0.000000000000    0.000000000000   -0.000000000000   -0.000000000000   -0.011955418110   -0.000000000000   -0.000000000000   -0.000000000000   -0.000000000000
   0.000098150975    0.000248438012   -0.000410821542   -0.005956258250   -0.010936862674   -0.005675010736    0.000000000000   -0.000000000000    0.006883588811    0.000000000000   -0.000000000000    0.026828168638   -0.000000000000   -0.000000000000    0.002360525834    0.000000000000   -0.000000000000   -0.024063921141   -0.000000000000    0.000000000000    0.000000000000    0.000000000000    0.007492953452   -0.000000000000   -0.000000000000    0.000000000000   -0.000000000000   -0.000000000000    0.023917038662    0.000000000000    0.000000000000    0.000000000000
  -0.000000000000   -0.000000000000   -0.000000000000    0.000000000000    0.000000000000    0.000000000000   -0.001271490884    0.000000000000   -0.000000000000   -0.009925051459    0.000000000000   -0.000000000000   -0.004901346790   -0.000000000000   -0.000000000000    0.000000000000   -0.000000000000    0.000000000000    0.011345783489    0.000000000000   -0.000000000000   -0.000000000000    0.000000000000    0.010795198639    0.000000000000   -0.000000000000    0.000000000000    0.000000000000   -0.000000000000   -0.011955418110    0.000000000000    0.000000000000
  -0.000000000000   -0.000000000000   -0.000000000000    0.000000000000    0.000000000000    0.000000000000   -0.000000000000    0.000000000000   -0.000000000000   -0.000000000000    0.000000000000   -0.000000000000    0.000000000000    0.000000000000   -0.000000000000    0.000000000000   -0.000000000000    0.000000000000    0.000000000000   -0.001829356823   -0.000000000000   -0.000000000000    0.000000000000    0.000000000000   -0.007242842394   -0.000000000000    0.000000000000    0.000000000000   -0.000000000000    0.000000000000    0.002151069094   -0.000000000000
   0.000000000000    0.000000000000    0.000000000000   -0.000000000000   -0.000000000000   -0.000000000000    0.000000000000   -0.000000000000   -0.000000000000    0.000000000000    0.000000000000    0.000000000000   -0.000000000000    0.000000000000    0.000000000000   -0.000000000000   -0.000000000000   -0.000000000000   -0.000000000000   -0.000000000000   -0.000000000000   -0.000000000000   -0.000000000000   -0.000000000000   -0.000000000000   -0.000000000000    0.000000000000    0.000000000000    0.000000000000    0.000000000000    0.000000000000   -0.000126222862
