  -0.000040252512   -0.000110248651   -0.000177319824    0.000239392611    0.156557205599    1.051051510156   -0.000000000000    0.000000000000   -0.000068110833   -0.000000000000    0.000000000000   -0.007723220708   -0.000000000000    0.000000000000   -2.468694077207    0.000000000000   -0.000000000000    0.000627175122    0.000000000000   -0.000000000000    0.000000000000    0.000000000000    0.919633281876    0.000000000000    0.000000000000    0.000000000000   -0.000000000000   -0.000000000000   -0.000098798265   -0.000000000000    0.000000000000   -0.000000000000
  -0.000110248724   -0.000301893299   -0.000484241651    0.000654571764    0.129971985698    0.870165463700   -0.000000000000    0.000000000000   -0.000194002896   -0.000000000000    0.000000000000   -0.006652142992   -0.000000000000    0.000000000000   -2.041473260524    0.000000000000   -0.000000000000    0.001186633015    0.000000000000   -0.000000000000    0.000000000000    0.000000000000    0.752630655234    0.000000000000   -0.000000000000    0.000000000000   -0.000000000000   -0.000000000000   -0.000250273678   -0.000000000000    0.000000000000    0.000000000000
  -0.000177320523   -0.000484243244   -0.000759330454    0.000980602474    0.002220242939    0.100144579274   -0.000000000000    0.000000000000   -0.000352382709   -0.000000000000    0.000000000000    0.006768107668   -0.000000000000    0.000000000000   -0.255498877708    0.000000000000   -0.000000000000   -0.000162366343    0.000000000000   -0.000000000000    0.000000000000    0.000000000000    0.031128483174    0.000000000000   -0.000000000000    0.000000000000   -0.000000000000   -0.000000000000    0.000407360206   -0.000000000000    0.000000000000    0.000000000000
   0.000239393443    0.000654573586    0.000980601810   -0.002384538136   -0.058913881993   -0.145712848606    0.000000000000   -0.000000000000    0.001274064224    0.000000000000   -0.000000000000    0.027673190090    0.000000000000    0.000000000000    0.267232940330   -0.000000000000    0.000000000000   -0.010232702633   -0.000000000000    0.000000000000   -0.000000000000   -0.000000000000   -0.187399891287   -0.000000000000    0.000000000000   -0.000000000000    0.000000000000    0.000000000000    0.005958595418    0.000000000000   -0.000000000000    0.000000000000
   0.156557240269    0.129972068995    0.002220385901   -0.058913891204   -0.164068184736   -0.278536724164    0.000000000000   -0.000000000000    0.072452491029    0.000000000000   -0.000000000000    0.106265246633    0.000000000000   -0.000000000000    0.404364541274   -0.000000000000    0.000000000000   -0.051709578403   -0.000000000000    0.000000000000   -0.000000000000   -0.000000000000   -0.202390916688   -0.000000000000    0.000000000000   -0.000000000000    0.000000000000    0.000000000000    0.010931780122    0.000000000000   -0.000000000000    0.000000000000
   1.051051628311    0.870165723897    0.100145120746   -0.145712659871   -0.278537119219   -0.310965892040    0.000000000000    0.000000000000    0.125024764851    0.000000000000   -0.000000000000    0.131269573498    0.000000000000   -0.000000000000    0.287248913430   -0.000000000000    0.000000000000   -0.029804717626   -0.000000000000    0.000000000000   -0.000000000000   -0.000000000000   -0.140401322073    0.000000000000   -0.000000000000   -0.000000000000   -0.000000000000    0.000000000000    0.005688554448    0.000000000000   -0.000000000000   -0.000000000000
   0.000000000000    0.000000000000    0.000000000000   -0.000000000000   -0.000000000000    0.000000000000    0.000130772353    0.000000000000    0.000000000000   -0.003285985846    0.000000000000    0.000000000000   -0.102475791505   -0.000000000000   -0.000000000000    0.000000000000   -0.000000000000   -0.000000000000    0.000605087964   -0.000000000000   -0.000000000000    0.000000000000    0.000000000000    0.085519942316    0.000000000000   -0.000000000000   -0.000000000000    0.000000000000    0.000000000000   -0.001273451238   -0.000000000000   -0.000000000000
   0.000000000000    0.000000000000    0.000000000000   -0.000000000000   -0.000000000000    0.000000000000    0.000000000000    0.000130772353   -0.000000000000    0.000000000000   -0.003285985846    0.000000000000    0.000000000000   -0.102475791505   -0.000000000000   -0.000000000000    0.000605087964    0.000000000000   -0.000000000000   -0.000000000000   -0.000000000000    0.085519942316    0.000000000000    0.000000000000    0.000000000000   -0.000000000000   -0.000000000000   -0.001273451238   -0.000000000000    0.000000000000   -0.000000000000    0.000000000000
   0.000068106129    0.000193989814    0.000352359807   -0.001274034788   -0.072452348970   -0.125024667842    0.000000000000   -0.000000000000    0.000428721759   -0.000000000000   -0.000000000000    0.033547931356    0.000000000000    0.000000000000    0.199733936349    0.000000000000    0.000000000000   -0.009259889000   -0.000000000000   -0.000000000000   -0.000000000000   -0.000000000000   -0.288874261274   -0.000000000000   -0.000000000000    0.000000000000    0.000000000000    0.000000000000    0.006882052639    0.000000000000    0.000000000000    0.000000000000
   0.000000000000    0.000000000000    0.000000000000   -0.000000000000   -0.000000000000   -0.000000000000   -0.003285995225    0.000000000000   -0.000000000000   -0.013819447334    0.000000000000    0.000000000000   -0.086517811181   -0.000000000000    0.000000000000   -0.000000000000   -0.000000000000   -0.000000000000    0.014590158658   -0.000000000000   -0.000000000000    0.000000000000    0.000000000000    0.079617393902   -0.000000000000   -0.000000000000    0.000000000000    0.000000000000   -0.000000000000   -0.009926740508   -0.000000000000   -0.000000000000
   0.000000000000    0.000000000000    0.000000000000   -0.000000000000   -0.000000000000    0.000000000000    0.000000000000   -0.003285995225   -0.000000000000    0.000000000000   -0.013819447334    0.000000000000    0.000000000000   -0.086517811181   -0.000000000000    0.000000000000    0.014590158658    0.000000000000   -0.000000000000    0.000000000000   -0.000000000000    0.079617393902    0.000000000000   -0.000000000000    0.000000000000   -0.000000000000   -0.000000000000   -0.009926740508   -0.000000000000    0.000000000000   -0.000000000000   -0.000000000000
   0.007723259389    0.006652246892   -0.006767946267   -0.027673368104   -0.106266378902   -0.131270915186    0.000000000000   -0.000000000000    0.033548024231    0.000000000000   -0.000000000000    0.090169291410    0.000000000000    0.000000000000    0.154124467182   -0.000000000000   -0.000000000000   -0.056955832242    0.000000000000    0.000000000000   -0.000000000000   -0.000000000000   -0.191055674109    0.000000000000    0.000000000000   -0.000000000000    0.000000000000    0.000000000000    0.026826597315    0.000000000000   -0.000000000000    0.000000000000
   0.000000000000    0.000000000000    0.000000000000    0.000000000000   -0.000000000000   -0.000000000000   -0.102475710426    0.000000000000   -0.000000000000   -0.086517658593    0.000000000000    0.000000000000   -0.025440143179    0.000000000000    0.000000000000   -0.000000000000   -0.000000000000    0.000000000000    0.047057612215   -0.000000000000   -0.000000000000   -0.000000000000   -0.000000000000    0.017587779682    0.000000000000   -0.000000000000    0.000000000000   -0.000000000000   -0.000000000000   -0.004882519938   -0.000000000000    0.000000000000
   0.000000000000    0.000000000000    0.000000000000    0.000000000000   -0.000000000000   -0.000000000000    0.000000000000   -0.102475710426   -0.000000000000    0.000000000000   -0.086517658593   -0.000000000000   -0.000000000000   -0.025440143179   -0.000000000000    0.000000000000    0.047057612215    0.000000000000   -0.000000000000   -0.000000000000    0.000000000000    0.017587779682    0.000000000000   -0.000000000000   -0.000000000000   -0.000000000000   -0.000000000000   -0.004882519938   -0.000000000000    0.000000000000    0.000000000000   -0.000000000000
   2.468694373452    2.041473927655    0.255500265865   -0.267232727189   -0.404367955941   -0.287253022770    0.000000000000    0.000000000000    0.199733851844    0.000000000000    0.000000000000    0.154124361336    0.000000000000    0.000000000000    0.044804646340    0.000000000000   -0.000000000000   -0.013849750694   -0.000000000000    0.000000000000    0.000000000000   -0.000000000000   -0.060388677384   -0.000000000000    0.000000000000   -0.000000000000   -0.000000000000    0.000000000000    0.002419000971    0.000000000000   -0.000000000000   -0.000000000000
   0.000000000000    0.000000000000    0.000000000000    0.000000000000    0.000000000000   -0.000000000000   -0.000000000000   -0.000000000000   -0.000000000000   -0.000000000000   -0.000000000000   -0.000000000000   -0.000000000000   -0.000000000000    0.000000000000   -0.000249590133    0.000000000000    0.000000000000    0.000000000000   -0.000000000000   -0.015450739251    0.000000000000   -0.000000000000    0.000000000000    0.000000000000   -0.000000000000    0.001830402192   -0.000000000000   -0.000000000000   -0.000000000000   -0.000000000000    0.000000000000
   0.000000000000    0.000000000000    0.000000000000   -0.000000000000   -0.000000000000    0.000000000000    0.000000000000   -0.000605097359   -0.000000000000    0.000000000000   -0.014590124839    0.000000000000   -0.000000000000   -0.047057609735    0.000000000000    0.000000000000    0.007289681837    0.000000000000   -0.000000000000    0.000000000000    0.000000000000    0.080901270490   -0.000000000000   -0.000000000000    0.000000000000   -0.000000000000   -0.000000000000   -0.011346489614   -0.000000000000    0.000000000000   -0.000000000000   -0.000000000000
   0.000627174763    0.001186631470   -0.000162372396   -0.010232692341   -0.051709555366   -0.029804628421    0.000000000000   -0.000000000000    0.009259906736    0.000000000000    0.000000000000    0.056955767855   -0.000000000000    0.000000000000    0.013849505915   -0.000000000000    0.000000000000   -0.029156185412   -0.000000000000    0.000000000000   -0.000000000000   -0.000000000000   -0.087905889379    0.000000000000    0.000000000000    0.000000000000    0.000000000000    0.000000000000    0.024055693134    0.000000000000   -0.000000000000    0.000000000000
   0.000000000000    0.000000000000    0.000000000000   -0.000000000000   -0.000000000000   -0.000000000000   -0.000605097359    0.000000000000    0.000000000000   -0.014590124839   -0.000000000000    0.000000000000   -0.047057609735   -0.000000000000   -0.000000000000    0.000000000000   -0.000000000000   -0.000000000000    0.007289681837    0.000000000000   -0.000000000000    0.000000000000    0.000000000000    0.080901270490   -0.000000000000   -0.000000000000   -0.000000000000    0.000000000000   -0.000000000000   -0.011346489614   -0.000000000000   -0.000000000000
  -0.000000000000   -0.000000000000   -0.000000000000    0.000000000000    0.000000000000   -0.000000000000   -0.000000000000    0.000000000000   -0.000000000000   -0.000000000000    0.000000000000   -0.000000000000    0.000000000000    0.000000000000    0.000000000000   -0.000000000000   -0.000000000000    0.000000000000   -0.000000000000   -0.000249590133   -0.000000000000   -0.000000000000   -0.000000000000   -0.000000000000   -0.015450739251   -0.000000000000   -0.000000000000   -0.000000000000    0.000000000000   -0.000000000000    0.001830402192   -0.000000000000
   0.000000000000    0.000000000000    0.000000000000    0.000000000000    0.000000000000    0.000000000000    0.000000000000   -0.000000000000   -0.000000000000   -0.000000000000   -0.000000000000   -0.000000000000   -0.000000000000   -0.000000000000    0.000000000000   -0.015450750028    0.000000000000    0.000000000000    0.000000000000   -0.000000000000   -0.005314988358    0.000000000000   -0.000000000000   -0.000000000000    0.000000000000   -0.000000000000    0.007237195077   -0.000000000000    0.000000000000   -0.000000000000   -0.000000000000    0.000000000000
   0.000000000000    0.000000000000    0.000000000000   -0.000000000000   -0.000000000000   -0.000000000000    0.000000000000   -0.085519905484   -0.000000000000    0.000000000000   -0.079617342584    0.000000000000    0.000000000000   -0.017587971753    0.000000000000   -0.000000000000    0.080901235540    0.000000000000   -0.000000000000   -0.000000000000   -0.000000000000   -0.015352973262   -0.000000000000   -0.000000000000   -0.000000000000   -0.000000000000   -0.000000000000   -0.010744199979   -0.000000000000    0.000000000000   -0.000000000000   -0.000000000000
   0.919633385203    0.752630884186    0.031128997090   -0.187399645873   -0.202391592693   -0.140402034283    0.000000000000    0.000000000000    0.288874041516    0.000000000000    0.000000000000    0.191055177907    0.000000000000    0.000000000000    0.060387892301    0.000000000000    0.000000000000   -0.087905778177   -0.000000000000    0.000000000000    0.000000000000    0.000000000000    0.026380193150    0.000000000000    0.000000000000   -0.000000000000    0.000000000000    0.000000000000   -0.007569113298    0.000000000000   -0.000000000000    0.000000000000
   0.000000000000    0.000000000000    0.000000000000   -0.000000000000   -0.000000000000    0.000000000000   -0.085519905484    0.000000000000   -0.000000000000   -0.079617342584   -0.000000000000    0.000000000000   -0.017587971753   -0.000000000000   -0.000000000000    0.000000000000    0.000000000000    0.000000000000    0.080901235540    0.000000000000   -0.000000000000    0.000000000000    0.000000000000   -0.015352973262    0.000000000000   -0.000000000000   -0.000000000000    0.000000000000   -0.000000000000   -0.010744199979   -0.000000000000    0.000000000000
  -0.000000000000   -0.000000000000   -0.000000000000    0.000000000000    0.000000000000    0.000000000000   -0.000000000000   -0.000000000000   -0.000000000000    0.000000000000   -0.000000000000   -0.000000000000    0.000000000000   -0.000000000000    0.000000000000   -0.000000000000    0.000000000000    0.000000000000   -0.000000000000   -0.015450750028   -0.000000000000    0.000000000000   -0.000000000000   -0.000000000000   -0.005314988358   -0.000000000000   -0.000000000000   -0.000000000000    0.000000000000   -0.000000000000    0.007237195077   -0.000000000000
   0.000000000000   -0.000000000000   -0.000000000000   -0.000000000000   -0.000000000000    0.000000000000   -0.000000000000    0.000000000000    0.000000000000   -0.000000000000   -0.000000000000    0.000000000000   -0.000000000000   -0.000000000000   -0.000000000000   -0.000000000000    0.000000000000   -0.000000000000    0.000000000000   -0.000000000000   -0.000000000000    0.000000000000   -0.000000000000    0.000000000000   -0.000000000000   -0.000126446917    0.000000000000   -0.000000000000   -0.000000000000   -0.000000000000    0.000000000000    0.000000000000
   0.000000000000    0.000000000000    0.000000000000    0.000000000000   -0.000000000000   -0.000000000000   -0.000000000000    0.000000000000   -0.000000000000   -0.000000000000   -0.000000000000    0.000000000000    0.000000000000   -0.000000000000    0.000000000000   -0.001830408696   -0.000000000000   -0.000000000000    0.000000000000    0.000000000000   -0.007237231951   -0.000000000000   -0.000000000000    0.000000000000    0.000000000000   -0.000000000000    0.002152277031   -0.000000000000    0.000000000000   -0.000000000000   -0.000000000000    0.000000000000
   0.000000000000    0.000000000000    0.000000000000    0.000000000000    0.000000000000    0.000000000000    0.000000000000   -0.001273457750   -0.000000000000    0.000000000000   -0.009926754883    0.000000000000    0.000000000000   -0.004882510993    0.000000000000    0.000000000000    0.011346516425   -0.000000000000   -0.000000000000    0.000000000000    0.000000000000    0.010744312661   -0.000000000000   -0.000000000000    0.000000000000   -0.000000000000   -0.000000000000   -0.011954940922   -0.000000000000    0.000000000000   -0.000000000000   -0.000000000000
   0.000098803554    0.000250287857   -0.000407339496   -0.005958623027   -0.010931936410   -0.005688662518    0.000000000000   -0.000000000000    0.006882073114    0.000000000000   -0.000000000000    0.026826651318    0.000000000000    0.000000000000    0.002418902707   -0.000000000000   -0.000000000000   -0.024055731776   -0.000000000000    0.000000000000   -0.000000000000   -0.000000000000    0.007569080140   -0.000000000000    0.000000000000   -0.000000000000    0.000000000000    0.000000000000    0.023910937062    0.000000000000   -0.000000000000   -0.000000000000
   0.000000000000    0.000000000000   -0.000000000000    0.000000000000    0.000000000000    0.000000000000   -0.001273457750   -0.000000000000    0.000000000000   -0.009926754883   -0.000000000000    0.000000000000   -0.004882510993   -0.000000000000   -0.000000000000   -0.000000000000    0.000000000000   -0.000000000000    0.011346516425    0.000000000000   -0.000000000000    0.000000000000    0.000000000000    0.010744312661    0.000000000000   -0.000000000000   -0.000000000000    0.000000000000   -0.000000000000   -0.011954940922   -0.000000000000   -0.000000000000
  -0.000000000000   -0.000000000000   -0.000000000000    0.000000000000    0.000000000000    0.000000000000    0.000000000000   -0.000000000000   -0.000000000000    0.000000000000   -0.000000000000   -0.000000000000   -0.000000000000   -0.000000000000   -0.000000000000   -0.000000000000    0.000000000000    0.000000000000   -0.000000000000   -0.001830408696   -0.000000000000    0.000000000000    0.000000000000   -0.000000000000   -0.007237231951   -0.000000000000    0.000000000000   -0.000000000000   -0.000000000000    0.000000000000    0.002152277031   -0.000000000000
  -0.000000000000   -0.000000000000   -0.000000000000    0.000000000000    0.000000000000    0.000000000000   -0.000000000000   -0.000000000000   -0.000000000000    0.000000000000   -0.000000000000   -0.000000000000    0.000000000000    0.000000000000   -0.000000000000   -0.000000000000    0.000000000000   -0.000000000000   -0.000000000000    0.000000000000   -0.000000000000    0.000000000000    0.000000000000   -0.000000000000   -0.000000000000   -0.000000000000    0.000000000000   -0.000000000000    0.000000000000    0.000000000000   -0.000000000000   -0.000126446917
