  -0.000040265403   -0.000110283484   -0.000177377899    0.000239446492    0.156556086861    1.051042349294   -0.000000000000    0.000000000000   -0.000068114218   -0.000000000000    0.000000000000   -0.007722892473    0.000000000000    0.000000000000   -2.468671026966   -0.000000000000    0.000000000000    0.000626746194   -0.000000000000    0.000000000000   -0.000000000000    0.000000000000    0.919624753611   -0.000000000000    0.000000000000   -0.000000000000    0.000000000000   -0.000000000000   -0.000098716661   -0.000000000000   -0.000000000000   -0.000000000000
  -0.000110283365   -0.000301986864   -0.000484397649    0.000654715214    0.129970466709    0.870151151138   -0.000000000000    0.000000000000   -0.000194011234   -0.000000000000    0.000000000000   -0.006651292240    0.000000000000    0.000000000000   -2.041435576263   -0.000000000000    0.000000000000    0.001185458532    0.000000000000    0.000000000000   -0.000000000000    0.000000000000    0.752616664181   -0.000000000000    0.000000000000   -0.000000000000    0.000000000000   -0.000000000000   -0.000250047203   -0.000000000000   -0.000000000000   -0.000000000000
  -0.000177376791   -0.000484395132   -0.000759582765    0.000980831600    0.002212580357    0.100098394419   -0.000000000000    0.000000000000   -0.000352407238   -0.000000000000    0.000000000000    0.006770542990    0.000000000000    0.000000000000   -0.255387142830   -0.000000000000    0.000000000000   -0.000164396009    0.000000000000    0.000000000000   -0.000000000000    0.000000000000    0.031080169473   -0.000000000000    0.000000000000    0.000000000000    0.000000000000   -0.000000000000    0.000407756785   -0.000000000000   -0.000000000000   -0.000000000000
   0.000239445062    0.000654712035    0.000980832230   -0.002384840313   -0.058935638782   -0.145799603653    0.000000000000   -0.000000000000    0.001274099235    0.000000000000   -0.000000000000    0.027677587113   -0.000000000000   -0.000000000000    0.267414518733    0.000000000000   -0.000000000000   -0.010231785691   -0.000000000000   -0.000000000000    0.000000000000   -0.000000000000   -0.187493528138    0.000000000000   -0.000000000000    0.000000000000   -0.000000000000   -0.000000000000    0.005958997137    0.000000000000    0.000000000000   -0.000000000000
   0.156556031626    0.129970332701    0.002212352672   -0.058935614135   -0.164178294598   -0.278770643564   -0.000000000000    0.000000000000    0.072469367328   -0.000000000000   -0.000000000000    0.106330182111   -0.000000000000   -0.000000000000    0.404732083973    0.000000000000    0.000000000000   -0.051723724521   -0.000000000000   -0.000000000000    0.000000000000   -0.000000000000   -0.202597008949    0.000000000000   -0.000000000000    0.000000000000   -0.000000000000   -0.000000000000    0.010943893956    0.000000000000    0.000000000000   -0.000000000000
   1.051042167325    0.870150744338    0.100097554223   -0.145799859163   -0.278769958281   -0.311349124382   -0.000000000000    0.000000000000    0.125056046131   -0.000000000000    0.000000000000    0.131364742928   -0.000000000000    0.000000000000    0.287656485480    0.000000000000    0.000000000000   -0.029813644736   -0.000000000000   -0.000000000000    0.000000000000   -0.000000000000   -0.140528567268    0.000000000000   -0.000000000000    0.000000000000   -0.000000000000   -0.000000000000    0.005690645319    0.000000000000    0.000000000000    0.000000000000
  -0.000000000000   -0.000000000000   -0.000000000000    0.000000000000    0.000000000000   -0.000000000000    0.000130698234   -0.000000000000    0.000000000000   -0.003286598599    0.000000000000   -0.000000000000   -0.102499726211   -0.000000000000    0.000000000000    0.000000000000    0.000000000000    0.000000000000    0.000605398924   -0.000000000000    0.000000000000   -0.000000000000    0.000000000000    0.085539330454   -0.000000000000    0.000000000000   -0.000000000000    0.000000000000   -0.000000000000   -0.001273513388   -0.000000000000   -0.000000000000
   0.000000000000    0.000000000000    0.000000000000   -0.000000000000    0.000000000000    0.000000000000    0.000000000000    0.000130698234   -0.000000000000    0.000000000000   -0.003286598599    0.000000000000    0.000000000000   -0.102499726211    0.000000000000    0.000000000000    0.000605398924    0.000000000000   -0.000000000000   -0.000000000000   -0.000000000000    0.085539330454   -0.000000000000   -0.000000000000   -0.000000000000   -0.000000000000    0.000000000000   -0.001273513388    0.000000000000    0.000000000000    0.000000000000   -0.000000000000
   0.000068121551    0.000194031643    0.000352443052   -0.001274145813   -0.072469600369   -0.125056207417    0.000000000000   -0.000000000000    0.000428586846    0.000000000000    0.000000000000    0.033553674753    0.000000000000    0.000000000000    0.199784534174    0.000000000000   -0.000000000000   -0.009260474312    0.000000000000   -0.000000000000    0.000000000000   -0.000000000000   -0.288948235565   -0.000000000000   -0.000000000000    0.000000000000   -0.000000000000   -0.000000000000    0.006882543124   -0.000000000000    0.000000000000   -0.000000000000
   0.000000000000    0.000000000000    0.000000000000   -0.000000000000   -0.000000000000   -0.000000000000   -0.003286581196    0.000000000000   -0.000000000000   -0.013826132189    0.000000000000   -0.000000000000   -0.086601494309    0.000000000000    0.000000000000   -0.000000000000   -0.000000000000    0.000000000000    0.014593411933    0.000000000000    0.000000000000   -0.000000000000   -0.000000000000    0.079696476130   -0.000000000000    0.000000000000   -0.000000000000    0.000000000000   -0.000000000000   -0.009930636327   -0.000000000000   -0.000000000000
   0.000000000000    0.000000000000    0.000000000000   -0.000000000000    0.000000000000    0.000000000000    0.000000000000   -0.003286581196   -0.000000000000    0.000000000000   -0.013826132189   -0.000000000000    0.000000000000   -0.086601494309   -0.000000000000    0.000000000000    0.014593411933    0.000000000000   -0.000000000000   -0.000000000000    0.000000000000    0.079696476130   -0.000000000000   -0.000000000000   -0.000000000000   -0.000000000000    0.000000000000   -0.009930636327    0.000000000000    0.000000000000    0.000000000000   -0.000000000000
   0.007722828902    0.006651121405   -0.006770807791   -0.027677292772   -0.106328338677   -0.131362577917   -0.000000000000    0.000000000000    0.033553521455   -0.000000000000   -0.000000000000    0.090218953790   -0.000000000000   -0.000000000000    0.154264752393    0.000000000000    0.000000000000   -0.056975420742   -0.000000000000   -0.000000000000    0.000000000000    0.000000000000   -0.191269881481   -0.000000000000   -0.000000000000    0.000000000000   -0.000000000000   -0.000000000000    0.026844169375    0.000000000000    0.000000000000   -0.000000000000
   0.000000000000    0.000000000000    0.000000000000   -0.000000000000   -0.000000000000   -0.000000000000   -0.102499839574   -0.000000000000   -0.000000000000   -0.086601707010    0.000000000000   -0.000000000000   -0.025774833202    0.000000000000    0.000000000000    0.000000000000   -0.000000000000    0.000000000000    0.047081729772    0.000000000000    0.000000000000   -0.000000000000   -0.000000000000    0.017764091404    0.000000000000    0.000000000000   -0.000000000000    0.000000000000    0.000000000000   -0.004891673216   -0.000000000000   -0.000000000000
   0.000000000000    0.000000000000    0.000000000000    0.000000000000    0.000000000000    0.000000000000    0.000000000000   -0.102499839574   -0.000000000000    0.000000000000   -0.086601707010   -0.000000000000    0.000000000000   -0.025774833202   -0.000000000000    0.000000000000    0.047081729772    0.000000000000   -0.000000000000    0.000000000000    0.000000000000    0.017764091404    0.000000000000   -0.000000000000   -0.000000000000   -0.000000000000   -0.000000000000   -0.004891673216    0.000000000000    0.000000000000    0.000000000000   -0.000000000000
   2.468670568965    2.041434529341    0.255384979256   -0.267414744976   -0.404726417873   -0.287649754379    0.000000000000    0.000000000000    0.199784662247    0.000000000000    0.000000000000    0.154264884314   -0.000000000000    0.000000000000    0.045008066754   -0.000000000000    0.000000000000   -0.013871916120   -0.000000000000    0.000000000000    0.000000000000    0.000000000000   -0.060445449268   -0.000000000000   -0.000000000000    0.000000000000   -0.000000000000   -0.000000000000    0.002418567809    0.000000000000    0.000000000000    0.000000000000
  -0.000000000000   -0.000000000000   -0.000000000000    0.000000000000    0.000000000000    0.000000000000   -0.000000000000    0.000000000000   -0.000000000000   -0.000000000000   -0.000000000000   -0.000000000000    0.000000000000   -0.000000000000    0.000000000000   -0.000249890106    0.000000000000    0.000000000000    0.000000000000   -0.000000000000   -0.015458476126    0.000000000000   -0.000000000000    0.000000000000    0.000000000000   -0.000000000000    0.001830605037    0.000000000000   -0.000000000000   -0.000000000000   -0.000000000000   -0.000000000000
   0.000000000000    0.000000000000    0.000000000000    0.000000000000    0.000000000000    0.000000000000    0.000000000000   -0.000605381677    0.000000000000    0.000000000000   -0.014593477552   -0.000000000000    0.000000000000   -0.047081784758   -0.000000000000    0.000000000000    0.007292303422    0.000000000000   -0.000000000000   -0.000000000000    0.000000000000    0.080953076961   -0.000000000000   -0.000000000000   -0.000000000000   -0.000000000000    0.000000000000   -0.011348798781    0.000000000000    0.000000000000    0.000000000000   -0.000000000000
   0.000626744080    0.001185453677   -0.000164397954   -0.010231787863   -0.051723688859   -0.029813729821   -0.000000000000   -0.000000000000    0.009260441967    0.000000000000   -0.000000000000    0.056975516655    0.000000000000   -0.000000000000    0.013872373067    0.000000000000    0.000000000000   -0.029162353278   -0.000000000000   -0.000000000000    0.000000000000   -0.000000000000   -0.087991437789   -0.000000000000   -0.000000000000    0.000000000000   -0.000000000000   -0.000000000000    0.024063350633   -0.000000000000    0.000000000000   -0.000000000000
   0.000000000000    0.000000000000   -0.000000000000    0.000000000000    0.000000000000    0.000000000000   -0.000605381677   -0.000000000000    0.000000000000   -0.014593477552    0.000000000000   -0.000000000000   -0.047081784758    0.000000000000   -0.000000000000    0.000000000000   -0.000000000000    0.000000000000    0.007292303422   -0.000000000000    0.000000000000   -0.000000000000    0.000000000000    0.080953076961   -0.000000000000    0.000000000000   -0.000000000000    0.000000000000   -0.000000000000   -0.011348798781   -0.000000000000   -0.000000000000
   0.000000000000    0.000000000000    0.000000000000   -0.000000000000   -0.000000000000   -0.000000000000   -0.000000000000    0.000000000000    0.000000000000   -0.000000000000   -0.000000000000    0.000000000000   -0.000000000000   -0.000000000000   -0.000000000000    0.000000000000   -0.000000000000   -0.000000000000   -0.000000000000   -0.000249890106    0.000000000000    0.000000000000    0.000000000000   -0.000000000000   -0.015458476126    0.000000000000    0.000000000000   -0.000000000000    0.000000000000    0.000000000000    0.001830605037    0.000000000000
  -0.000000000000   -0.000000000000   -0.000000000000    0.000000000000    0.000000000000    0.000000000000    0.000000000000    0.000000000000   -0.000000000000    0.000000000000   -0.000000000000   -0.000000000000    0.000000000000   -0.000000000000    0.000000000000   -0.015458452092    0.000000000000    0.000000000000   -0.000000000000    0.000000000000   -0.005382673134    0.000000000000   -0.000000000000   -0.000000000000    0.000000000000    0.000000000000    0.007247800454    0.000000000000   -0.000000000000    0.000000000000   -0.000000000000   -0.000000000000
   0.000000000000    0.000000000000    0.000000000000   -0.000000000000   -0.000000000000    0.000000000000    0.000000000000   -0.085539375781   -0.000000000000    0.000000000000   -0.079696536280    0.000000000000    0.000000000000   -0.017763793091   -0.000000000000    0.000000000000    0.080953086150    0.000000000000   -0.000000000000   -0.000000000000    0.000000000000   -0.015079554246    0.000000000000   -0.000000000000   -0.000000000000    0.000000000000   -0.000000000000   -0.010785937803    0.000000000000    0.000000000000   -0.000000000000   -0.000000000000
   0.919624591202    0.752616297291    0.031079356259   -0.187493865541   -0.202595789508   -0.140527300391    0.000000000000   -0.000000000000    0.288948551980    0.000000000000   -0.000000000000    0.191270625279    0.000000000000   -0.000000000000    0.060446687138   -0.000000000000    0.000000000000   -0.087991567971   -0.000000000000    0.000000000000    0.000000000000   -0.000000000000    0.026187609515   -0.000000000000   -0.000000000000    0.000000000000   -0.000000000000   -0.000000000000   -0.007525773193   -0.000000000000    0.000000000000    0.000000000000
   0.000000000000    0.000000000000    0.000000000000    0.000000000000    0.000000000000    0.000000000000   -0.085539375781   -0.000000000000   -0.000000000000   -0.079696536280    0.000000000000   -0.000000000000   -0.017763793091    0.000000000000   -0.000000000000    0.000000000000   -0.000000000000    0.000000000000    0.080953086150    0.000000000000    0.000000000000   -0.000000000000    0.000000000000   -0.015079554246    0.000000000000    0.000000000000   -0.000000000000    0.000000000000   -0.000000000000   -0.010785937803   -0.000000000000   -0.000000000000
   0.000000000000    0.000000000000    0.000000000000   -0.000000000000   -0.000000000000   -0.000000000000   -0.000000000000   -0.000000000000    0.000000000000   -0.000000000000   -0.000000000000    0.000000000000   -0.000000000000   -0.000000000000   -0.000000000000   -0.000000000000   -0.000000000000   -0.000000000000    0.000000000000   -0.015458452092   -0.000000000000    0.000000000000    0.000000000000    0.000000000000   -0.005382673134    0.000000000000    0.000000000000   -0.000000000000    0.000000000000    0.000000000000    0.007247800454    0.000000000000
   0.000000000000    0.000000000000    0.000000000000   -0.000000000000   -0.000000000000   -0.000000000000    0.000000000000   -0.000000000000   -0.000000000000    0.000000000000   -0.000000000000    0.000000000000    0.000000000000   -0.000000000000    0.000000000000    0.000000000000    0.000000000000   -0.000000000000   -0.000000000000    0.000000000000    0.000000000000    0.000000000000   -0.000000000000   -0.000000000000    0.000000000000   -0.000126464174   -0.000000000000   -0.000000000000    0.000000000000    0.000000000000   -0.000000000000    0.000000000000
  -0.000000000000   -0.000000000000   -0.000000000000    0.000000000000    0.000000000000    0.000000000000   -0.000000000000    0.000000000000   -0.000000000000    0.000000000000    0.000000000000   -0.000000000000    0.000000000000    0.000000000000   -0.000000000000   -0.001830593936   -0.000000000000    0.000000000000   -0.000000000000   -0.000000000000   -0.007247744998   -0.000000000000    0.000000000000   -0.000000000000   -0.000000000000    0.000000000000    0.002152546449    0.000000000000   -0.000000000000    0.000000000000   -0.000000000000   -0.000000000000
   0.000000000000    0.000000000000    0.000000000000    0.000000000000    0.000000000000    0.000000000000    0.000000000000   -0.001273501462    0.000000000000    0.000000000000   -0.009930610841   -0.000000000000    0.000000000000   -0.004891685648   -0.000000000000    0.000000000000    0.011348750071    0.000000000000   -0.000000000000    0.000000000000    0.000000000000    0.010785758611    0.000000000000   -0.000000000000    0.000000000000   -0.000000000000   -0.000000000000   -0.011957106317   -0.000000000000    0.000000000000   -0.000000000000   -0.000000000000
   0.000098707464    0.000250022524   -0.000407792943   -0.005958948857   -0.010943620969   -0.005690444136    0.000000000000   -0.000000000000    0.006882507805    0.000000000000   -0.000000000000    0.026844075888    0.000000000000   -0.000000000000    0.002418707391    0.000000000000    0.000000000000   -0.024063281127   -0.000000000000   -0.000000000000    0.000000000000   -0.000000000000    0.007525836077   -0.000000000000   -0.000000000000   -0.000000000000   -0.000000000000   -0.000000000000    0.023917653517    0.000000000000    0.000000000000   -0.000000000000
  -0.000000000000   -0.000000000000   -0.000000000000    0.000000000000    0.000000000000    0.000000000000   -0.001273501462    0.000000000000    0.000000000000   -0.009930610841    0.000000000000   -0.000000000000   -0.004891685648    0.000000000000   -0.000000000000   -0.000000000000    0.000000000000    0.000000000000    0.011348750071   -0.000000000000    0.000000000000   -0.000000000000    0.000000000000    0.010785758611   -0.000000000000    0.000000000000   -0.000000000000    0.000000000000   -0.000000000000   -0.011957106317   -0.000000000000   -0.000000000000
   0.000000000000    0.000000000000    0.000000000000   -0.000000000000   -0.000000000000   -0.000000000000   -0.000000000000    0.000000000000    0.000000000000    0.000000000000    0.000000000000    0.000000000000    0.000000000000   -0.000000000000    0.000000000000   -0.000000000000   -0.000000000000   -0.000000000000   -0.000000000000   -0.001830593936   -0.000000000000   -0.000000000000   -0.000000000000   -0.000000000000   -0.007247744998    0.000000000000    0.000000000000    0.000000000000    0.000000000000    0.000000000000    0.002152546449    0.000000000000
  -0.000000000000   -0.000000000000   -0.000000000000   -0.000000000000    0.000000000000   -0.000000000000   -0.000000000000    0.000000000000    0.000000000000   -0.000000000000   -0.000000000000   -0.000000000000   -0.000000000000   -0.000000000000    0.000000000000   -0.000000000000    0.000000000000    0.000000000000    0.000000000000    0.000000000000   -0.000000000000    0.000000000000    0.000000000000    0.000000000000   -0.000000000000   -0.000000000000    0.000000000000   -0.000000000000    0.000000000000   -0.000000000000   -0.000000000000   -0.000126464174
