  -0.000014296273   -0.000039215193   -0.000061963349    0.000093024819    0.155622534989    1.050008196915    0.000000000000    0.000000000000   -0.000042274002   -0.000000000000   -0.000000000000   -0.007422380240   -0.000000000000   -0.000000000000   -2.468265351923   -0.000000000000   -0.000000000000    0.000575817626    0.000000000000   -0.000000000000   -0.000000000000    0.000000000000    0.919366945245    0.000000000000   -0.000000000000   -0.000000000000   -0.000000000000   -0.000000000000   -0.000070899448    0.000000000000    0.000000000000    0.000000000000
  -0.000039215269   -0.000107480741   -0.000168346754    0.000253935175    0.127410505656    0.867316045570    0.000000000000    0.000000000000   -0.000124179621   -0.000000000000   -0.000000000000   -0.005821148819   -0.000000000000   -0.000000000000   -2.040312896310   -0.000000000000   -0.000000000000    0.001046841353    0.000000000000   -0.000000000000   -0.000000000000    0.000000000000    0.751900246002    0.000000000000   -0.000000000000   -0.000000000000   -0.000000000000   -0.000000000000   -0.000172983209    0.000000000000    0.000000000000   -0.000000000000
  -0.000061964095   -0.000168348464   -0.000243972898    0.000330018595   -0.002140578737    0.095159385018    0.000000000000    0.000000000000   -0.000250663146   -0.000000000000   -0.000000000000    0.008228313366   -0.000000000000   -0.000000000000   -0.252977204052   -0.000000000000   -0.000000000000   -0.000383018121    0.000000000000   -0.000000000000   -0.000000000000    0.000000000000    0.029145401935    0.000000000000   -0.000000000000   -0.000000000000   -0.000000000000   -0.000000000000    0.000546937255    0.000000000000    0.000000000000    0.000000000000
   0.000093025646    0.000253936965    0.000330017586   -0.001565847303   -0.054381909366   -0.141164297016   -0.000000000000   -0.000000000000    0.001134396557    0.000000000000    0.000000000000    0.026296530477   -0.000000000000    0.000000000000    0.266917515186    0.000000000000    0.000000000000   -0.010090258536   -0.000000000000    0.000000000000    0.000000000000    0.000000000000   -0.188813980936    0.000000000000   -0.000000000000    0.000000000000   -0.000000000000    0.000000000000    0.005886740908   -0.000000000000   -0.000000000000    0.000000000000
   0.155622572606    0.127410596899   -0.002140423023   -0.054381928984   -0.135456992689   -0.248226496593   -0.000000000000   -0.000000000000    0.072767168908   -0.000000000000    0.000000000000    0.098489462450   -0.000000000000    0.000000000000    0.395550419547    0.000000000000   -0.000000000000   -0.052351413965    0.000000000000    0.000000000000    0.000000000000   -0.000000000000   -0.203955835893    0.000000000000    0.000000000000    0.000000000000   -0.000000000000    0.000000000000    0.011185680657   -0.000000000000   -0.000000000000   -0.000000000000
   1.050008322668    0.867316326253    0.095159963654   -0.141164129370   -0.248226994645   -0.279720843315   -0.000000000000   -0.000000000000    0.127378877278   -0.000000000000    0.000000000000    0.122568613765   -0.000000000000    0.000000000000    0.273061350900   -0.000000000000   -0.000000000000   -0.030818770999    0.000000000000    0.000000000000   -0.000000000000   -0.000000000000   -0.141355202729    0.000000000000    0.000000000000    0.000000000000    0.000000000000    0.000000000000    0.005131792083   -0.000000000000   -0.000000000000   -0.000000000000
  -0.000000000000   -0.000000000000   -0.000000000000    0.000000000000   -0.000000000000   -0.000000000000    0.000161181290   -0.000000000000   -0.000000000000   -0.003012175725   -0.000000000000   -0.000000000000   -0.102208321867   -0.000000000000    0.000000000000    0.000000000000   -0.000000000000    0.000000000000    0.000488024642    0.000000000000   -0.000000000000   -0.000000000000   -0.000000000000    0.085441551853   -0.000000000000    0.000000000000    0.000000000000    0.000000000000   -0.000000000000   -0.001187982503   -0.000000000000    0.000000000000
   0.000000000000    0.000000000000    0.000000000000   -0.000000000000   -0.000000000000   -0.000000000000   -0.000000000000    0.000161181290    0.000000000000   -0.000000000000   -0.003012175725    0.000000000000   -0.000000000000   -0.102208321867    0.000000000000    0.000000000000    0.000488024642    0.000000000000   -0.000000000000    0.000000000000   -0.000000000000    0.085441551853   -0.000000000000    0.000000000000    0.000000000000   -0.000000000000    0.000000000000   -0.001187982503    0.000000000000    0.000000000000    0.000000000000    0.000000000000
   0.000042268489    0.000124164308    0.000250636331   -0.001134362577   -0.072766996506   -0.127378752732    0.000000000000   -0.000000000000    0.000288733865    0.000000000000    0.000000000000    0.033853665863   -0.000000000000    0.000000000000    0.206233176677    0.000000000000    0.000000000000   -0.009089125506   -0.000000000000   -0.000000000000    0.000000000000    0.000000000000   -0.292583912575    0.000000000000   -0.000000000000    0.000000000000   -0.000000000000   -0.000000000000    0.006908403247   -0.000000000000    0.000000000000   -0.000000000000
  -0.000000000000   -0.000000000000   -0.000000000000    0.000000000000    0.000000000000   -0.000000000000   -0.003012184913   -0.000000000000   -0.000000000000   -0.012539531239   -0.000000000000   -0.000000000000   -0.085500027242   -0.000000000000    0.000000000000   -0.000000000000    0.000000000000    0.000000000000    0.014228391494    0.000000000000    0.000000000000    0.000000000000   -0.000000000000    0.080089516817   -0.000000000000    0.000000000000    0.000000000000   -0.000000000000   -0.000000000000   -0.009873011893   -0.000000000000    0.000000000000
  -0.000000000000   -0.000000000000   -0.000000000000    0.000000000000    0.000000000000    0.000000000000   -0.000000000000   -0.003012184913    0.000000000000   -0.000000000000   -0.012539531239   -0.000000000000   -0.000000000000   -0.085500027242    0.000000000000    0.000000000000    0.014228391494   -0.000000000000   -0.000000000000   -0.000000000000   -0.000000000000    0.080089516817   -0.000000000000   -0.000000000000   -0.000000000000   -0.000000000000    0.000000000000   -0.009873011893    0.000000000000    0.000000000000    0.000000000000    0.000000000000
   0.007422421135    0.005821258695   -0.008228143397   -0.026296720971   -0.098490655904   -0.122570033840   -0.000000000000    0.000000000000    0.033853773186   -0.000000000000    0.000000000000    0.086111898686   -0.000000000000    0.000000000000    0.145903115411    0.000000000000   -0.000000000000   -0.058231540938    0.000000000000    0.000000000000    0.000000000000    0.000000000000   -0.195800741906    0.000000000000   -0.000000000000    0.000000000000   -0.000000000000    0.000000000000    0.027328746437   -0.000000000000   -0.000000000000   -0.000000000000
  -0.000000000000   -0.000000000000   -0.000000000000    0.000000000000    0.000000000000   -0.000000000000   -0.102208240723   -0.000000000000    0.000000000000   -0.085499888322   -0.000000000000   -0.000000000000   -0.026508198814   -0.000000000000    0.000000000000   -0.000000000000    0.000000000000   -0.000000000000    0.048379917715   -0.000000000000   -0.000000000000    0.000000000000   -0.000000000000    0.020969089949   -0.000000000000   -0.000000000000    0.000000000000   -0.000000000000   -0.000000000000   -0.005654962220    0.000000000000   -0.000000000000
  -0.000000000000   -0.000000000000   -0.000000000000    0.000000000000    0.000000000000    0.000000000000   -0.000000000000   -0.102208240723   -0.000000000000   -0.000000000000   -0.085499888322   -0.000000000000   -0.000000000000   -0.026508198814   -0.000000000000   -0.000000000000    0.048379917715   -0.000000000000   -0.000000000000    0.000000000000   -0.000000000000    0.020969089949   -0.000000000000   -0.000000000000    0.000000000000    0.000000000000    0.000000000000   -0.005654962220    0.000000000000    0.000000000000   -0.000000000000   -0.000000000000
   2.468265665706    2.040313610879    0.252978680020   -0.266917358115   -0.395554299592   -0.273066003810   -0.000000000000   -0.000000000000    0.206233090560   -0.000000000000   -0.000000000000    0.145903018811   -0.000000000000   -0.000000000000   -0.001069951255   -0.000000000000   -0.000000000000   -0.017705262339    0.000000000000    0.000000000000   -0.000000000000   -0.000000000000   -0.059261794099    0.000000000000    0.000000000000    0.000000000000   -0.000000000000    0.000000000000    0.000974871136   -0.000000000000   -0.000000000000   -0.000000000000
  -0.000000000000   -0.000000000000   -0.000000000000    0.000000000000    0.000000000000   -0.000000000000    0.000000000000   -0.000000000000   -0.000000000000   -0.000000000000    0.000000000000    0.000000000000   -0.000000000000    0.000000000000    0.000000000000   -0.000169535080    0.000000000000    0.000000000000   -0.000000000000    0.000000000000   -0.015519523340    0.000000000000    0.000000000000    0.000000000000   -0.000000000001    0.000000000000    0.001780704672    0.000000000000   -0.000000000000   -0.000000000000    0.000000000000    0.000000000000
   0.000000000000    0.000000000000    0.000000000000   -0.000000000000   -0.000000000000   -0.000000000000   -0.000000000000   -0.000488034669    0.000000000000    0.000000000000   -0.014228348109    0.000000000000    0.000000000000   -0.048379882983    0.000000000000    0.000000000000    0.006773335598   -0.000000000000    0.000000000000   -0.000000000000    0.000000000000    0.082948311178   -0.000000000000   -0.000000000000   -0.000000000000    0.000000000000   -0.000000000000   -0.011317188487    0.000000000000    0.000000000000    0.000000000000   -0.000000000000
   0.000575812479    0.001046826654   -0.000383046330   -0.010090221819   -0.052351219675   -0.030818488364   -0.000000000000   -0.000000000000    0.009089143766    0.000000000000    0.000000000000    0.058231419179    0.000000000000    0.000000000000    0.017704915545    0.000000000000    0.000000000000   -0.029478480221    0.000000000000    0.000000000000    0.000000000000   -0.000000000000   -0.093661529771   -0.000000000000   -0.000000000000    0.000000000000   -0.000000000000    0.000000000000    0.024602203582   -0.000000000000    0.000000000000   -0.000000000000
  -0.000000000000   -0.000000000000   -0.000000000000    0.000000000000    0.000000000000    0.000000000000   -0.000488034669    0.000000000000   -0.000000000000   -0.014228348109    0.000000000000    0.000000000000   -0.048379882983    0.000000000000    0.000000000000    0.000000000000   -0.000000000000    0.000000000000    0.006773335598    0.000000000000   -0.000000000000   -0.000000000000   -0.000000000000    0.082948311178   -0.000000000000   -0.000000000000   -0.000000000000    0.000000000000   -0.000000000000   -0.011317188487   -0.000000000000   -0.000000000000
  -0.000000000000   -0.000000000000   -0.000000000000    0.000000000000   -0.000000000000   -0.000000000000    0.000000000000    0.000000000000   -0.000000000000   -0.000000000000    0.000000000000    0.000000000000   -0.000000000000    0.000000000000    0.000000000000    0.000000000000   -0.000000000000    0.000000000000    0.000000000000   -0.000169535079   -0.000000000001   -0.000000000000   -0.000000000000    0.000000000000   -0.015519523345    0.000000000000    0.000000000000    0.000000000000    0.000000000000    0.000000000000    0.001780704673   -0.000000000000
  -0.000000000000   -0.000000000000   -0.000000000000   -0.000000000000    0.000000000000   -0.000000000000    0.000000000000   -0.000000000000    0.000000000000    0.000000000000   -0.000000000000    0.000000000000   -0.000000000000   -0.000000000000    0.000000000000   -0.015519537706    0.000000000000   -0.000000000000   -0.000000000000    0.000000000000   -0.006727621620    0.000000000000   -0.000000000000    0.000000000000   -0.000000000001   -0.000000000000    0.007508395492   -0.000000000000   -0.000000000000   -0.000000000000    0.000000000000    0.000000000000
  -0.000000000000   -0.000000000000   -0.000000000000    0.000000000000    0.000000000000    0.000000000000   -0.000000000000   -0.085441515790    0.000000000000   -0.000000000000   -0.080089475551    0.000000000000   -0.000000000000   -0.020969300296    0.000000000000   -0.000000000000    0.082948305302   -0.000000000000    0.000000000000    0.000000000000   -0.000000000000   -0.007324898622   -0.000000000000    0.000000000000    0.000000000000    0.000000000000    0.000000000000   -0.012920557159    0.000000000000   -0.000000000000   -0.000000000000   -0.000000000000
   0.919367053367    0.751900487914    0.029145942964   -0.188813734636   -0.203956571033   -0.141355975549   -0.000000000000   -0.000000000000    0.292583695231   -0.000000000000    0.000000000000    0.195800214669    0.000000000000    0.000000000000    0.059260931272   -0.000000000000   -0.000000000000   -0.093661464227    0.000000000000    0.000000000000   -0.000000000000    0.000000000000    0.016175490332    0.000000000000    0.000000000000    0.000000000000   -0.000000000000   -0.000000000000   -0.004539386267   -0.000000000000   -0.000000000000   -0.000000000000
  -0.000000000000   -0.000000000000   -0.000000000000    0.000000000000   -0.000000000000   -0.000000000000   -0.085441515790   -0.000000000000    0.000000000000   -0.080089475551    0.000000000000    0.000000000000   -0.020969300296    0.000000000000    0.000000000000   -0.000000000000    0.000000000000    0.000000000000    0.082948305302   -0.000000000000   -0.000000000000    0.000000000000   -0.000000000000   -0.007324898622   -0.000000000000   -0.000000000000    0.000000000000    0.000000000000   -0.000000000000   -0.012920557159    0.000000000000   -0.000000000000
  -0.000000000000   -0.000000000000   -0.000000000000    0.000000000000    0.000000000000    0.000000000000    0.000000000000   -0.000000000000   -0.000000000000   -0.000000000000   -0.000000000000    0.000000000000   -0.000000000000    0.000000000000    0.000000000000    0.000000000000    0.000000000000    0.000000000000   -0.000000000000   -0.015519537705   -0.000000000001   -0.000000000000   -0.000000000000    0.000000000000   -0.006727621625    0.000000000000    0.000000000000   -0.000000000000    0.000000000000    0.000000000000    0.007508395493   -0.000000000000
  -0.000000000000   -0.000000000000   -0.000000000000    0.000000000000    0.000000000000    0.000000000000    0.000000000000   -0.000000000000   -0.000000000000   -0.000000000000    0.000000000000    0.000000000000   -0.000000000000    0.000000000001   -0.000000000000    0.000000000000   -0.000000000000    0.000000000000    0.000000000000    0.000000000000   -0.000000000000   -0.000000000001    0.000000000000    0.000000000000    0.000000000000   -0.000117686076   -0.000000000000    0.000000000000   -0.000000000000   -0.000000000000   -0.000000000000   -0.000000000000
  -0.000000000000   -0.000000000000   -0.000000000000    0.000000000000    0.000000000000    0.000000000000    0.000000000000    0.000000000000    0.000000000000   -0.000000000000    0.000000000000    0.000000000000   -0.000000000000   -0.000000000000   -0.000000000000   -0.001780711609    0.000000000000   -0.000000000000    0.000000000000    0.000000000000   -0.007508432761    0.000000000000   -0.000000000000    0.000000000000   -0.000000000000    0.000000000000    0.002109239406    0.000000000000    0.000000000000   -0.000000000000    0.000000000000    0.000000000000
   0.000000000000    0.000000000000    0.000000000000   -0.000000000000   -0.000000000000   -0.000000000000    0.000000000000   -0.001187988795   -0.000000000000    0.000000000000   -0.009873022300    0.000000000000   -0.000000000000   -0.005654945348    0.000000000000    0.000000000000    0.011317218078    0.000000000000    0.000000000000    0.000000000000    0.000000000000    0.012920669704   -0.000000000000    0.000000000000    0.000000000000    0.000000000000   -0.000000000000   -0.012014613688   -0.000000000000    0.000000000000   -0.000000000000   -0.000000000000
   0.000070904607    0.000172997010   -0.000546917593   -0.005886768523   -0.011185836428   -0.005131902120   -0.000000000000   -0.000000000000    0.006908425226   -0.000000000000    0.000000000000    0.027328801111   -0.000000000000    0.000000000000    0.000974779439    0.000000000000   -0.000000000000   -0.024602249673    0.000000000000    0.000000000000    0.000000000000   -0.000000000000    0.004539349778    0.000000000000    0.000000000000    0.000000000000   -0.000000000000    0.000000000000    0.024293493484   -0.000000000000    0.000000000000   -0.000000000000
  -0.000000000000   -0.000000000000   -0.000000000000    0.000000000000   -0.000000000000   -0.000000000000   -0.001187988795   -0.000000000000    0.000000000000   -0.009873022300    0.000000000000    0.000000000000   -0.005654945348    0.000000000000    0.000000000000    0.000000000000    0.000000000000   -0.000000000000    0.011317218078   -0.000000000000   -0.000000000000    0.000000000000   -0.000000000000    0.012920669704   -0.000000000000   -0.000000000000   -0.000000000000    0.000000000000   -0.000000000000   -0.012014613688    0.000000000000   -0.000000000000
  -0.000000000000    0.000000000000    0.000000000000   -0.000000000000   -0.000000000000   -0.000000000000    0.000000000000    0.000000000000   -0.000000000000    0.000000000000    0.000000000000    0.000000000000   -0.000000000000    0.000000000000    0.000000000000    0.000000000000   -0.000000000000   -0.000000000000    0.000000000000   -0.001780711609   -0.000000000000   -0.000000000000   -0.000000000000    0.000000000000   -0.007508432762    0.000000000000    0.000000000000    0.000000000000    0.000000000000    0.000000000000    0.002109239406   -0.000000000000
   0.000000000000    0.000000000000    0.000000000000    0.000000000000   -0.000000000000   -0.000000000000    0.000000000000    0.000000000000   -0.000000000000   -0.000000000000   -0.000000000000    0.000000000000   -0.000000000001   -0.000000000000    0.000000000000    0.000000000000    0.000000000000   -0.000000000000    0.000000000000   -0.000000000000    0.000000000000    0.000000000000   -0.000000000000    0.000000000001   -0.000000000000    0.000000000000   -0.000000000000   -0.000000000000    0.000000000000   -0.000000000000    0.000000000000   -0.000117686076
