  -0.000040262215   -0.000110274744   -0.000177362313    0.000239431717    0.156556333956    1.051044615977    0.000000000000   -0.000000000000   -0.000068121496   -0.000000000000    0.000000000000   -0.007722907930   -0.000000000000    0.000000000000   -2.468676699814   -0.000000000000   -0.000000000000    0.000626852361   -0.000000000000   -0.000000000000   -0.000000000000   -0.000000000000    0.919626864103    0.000000000000   -0.000000000000   -0.000000000000    0.000000000000    0.000000000000   -0.000098727235   -0.000000000000    0.000000000000    0.000000000000
  -0.000110274940   -0.000301963763   -0.000484356329    0.000654676633    0.129970746899    0.870154563213    0.000000000000   -0.000000000000   -0.000194031770   -0.000000000000    0.000000000000   -0.006651325053   -0.000000000000    0.000000000000   -2.041444502692   -0.000000000000   -0.000000000000    0.001185750263    0.000000000000   -0.000000000000   -0.000000000000   -0.000000000000    0.752620012431    0.000000000000   -0.000000000000   -0.000000000000    0.000000000000    0.000000000000   -0.000250077493   -0.000000000000    0.000000000000    0.000000000000
  -0.000177364153   -0.000484360511   -0.000759520606    0.000980776587    0.002214421292    0.100109903195    0.000000000000   -0.000000000000   -0.000352440815   -0.000000000000    0.000000000000    0.006770192102   -0.000000000000    0.000000000000   -0.255414708329   -0.000000000000   -0.000000000000   -0.000163882087    0.000000000000   -0.000000000000   -0.000000000000   -0.000000000000    0.031092244456    0.000000000000   -0.000000000000   -0.000000000000    0.000000000000   -0.000000000000    0.000407695242   -0.000000000000    0.000000000000    0.000000000000
   0.000239434055    0.000654681814    0.000980775401   -0.002384764471   -0.058929794077   -0.145776587233   -0.000000000000    0.000000000000    0.001274140694    0.000000000000   -0.000000000000    0.027676058639    0.000000000000   -0.000000000000    0.267365865507    0.000000000000    0.000000000000   -0.010231993038   -0.000000000000    0.000000000000    0.000000000000    0.000000000000   -0.187468709229   -0.000000000000   -0.000000000000    0.000000000000   -0.000000000000   -0.000000000000    0.005958826941    0.000000000000   -0.000000000000   -0.000000000000
   0.156556425951    0.129970969322    0.002214800526   -0.058929829303   -0.164148834258   -0.278707006083   -0.000000000000    0.000000000000    0.072465088288    0.000000000000   -0.000000000000    0.106310539667    0.000000000000   -0.000000000000    0.404626241600    0.000000000000    0.000000000000   -0.051719661802   -0.000000000000    0.000000000000    0.000000000000    0.000000000000   -0.202540114974   -0.000000000000    0.000000000000    0.000000000000   -0.000000000000    0.000000000000    0.010940294731    0.000000000000   -0.000000000000   -0.000000000000
   1.051044922466    0.870155244429    0.100111314030   -0.145776134605   -0.278708110014   -0.311245715023   -0.000000000000   -0.000000000000    0.125047806592   -0.000000000000   -0.000000000000    0.131336585739    0.000000000000   -0.000000000000    0.287538371855    0.000000000000   -0.000000000000   -0.029811182401    0.000000000000    0.000000000000    0.000000000000    0.000000000000   -0.140492919712    0.000000000000    0.000000000000    0.000000000000   -0.000000000000    0.000000000000    0.005689830843    0.000000000000   -0.000000000000   -0.000000000000
  -0.000000000000   -0.000000000000   -0.000000000000    0.000000000000   -0.000000000000   -0.000000000000    0.000130716906   -0.000000000000    0.000000000000   -0.003286418467    0.000000000000   -0.000000000000   -0.102493412170    0.000000000000    0.000000000000    0.000000000000   -0.000000000000   -0.000000000000    0.000605299236    0.000000000000    0.000000000000   -0.000000000000   -0.000000000000    0.085534165267    0.000000000000    0.000000000000    0.000000000000    0.000000000000    0.000000000000   -0.001273483493   -0.000000000000   -0.000000000000
   0.000000000000    0.000000000000    0.000000000000   -0.000000000000   -0.000000000000    0.000000000000    0.000000000000    0.000130716906    0.000000000000    0.000000000000   -0.003286418467    0.000000000000    0.000000000000   -0.102493412170   -0.000000000000   -0.000000000000    0.000605299236   -0.000000000000   -0.000000000000   -0.000000000000    0.000000000000    0.085534165267    0.000000000000   -0.000000000000   -0.000000000000    0.000000000000   -0.000000000000   -0.001273483493   -0.000000000000    0.000000000000   -0.000000000000   -0.000000000000
   0.000068109335    0.000193997925    0.000352381444   -0.001274063645   -0.072464707179   -0.125047542890   -0.000000000000   -0.000000000000    0.000428620308    0.000000000000   -0.000000000000    0.033551953747    0.000000000000    0.000000000000    0.199771037178    0.000000000000    0.000000000000   -0.009260267223   -0.000000000000   -0.000000000000    0.000000000000   -0.000000000000   -0.288928699881    0.000000000000   -0.000000000000   -0.000000000000   -0.000000000000   -0.000000000000    0.006882367732   -0.000000000000    0.000000000000   -0.000000000000
  -0.000000000000   -0.000000000000   -0.000000000000    0.000000000000    0.000000000000   -0.000000000000   -0.003286446774    0.000000000000   -0.000000000000   -0.013824340777    0.000000000000   -0.000000000000   -0.086579172124    0.000000000000    0.000000000000    0.000000000000   -0.000000000000    0.000000000000    0.014592598332   -0.000000000000    0.000000000000   -0.000000000000    0.000000000000    0.079675219491   -0.000000000000    0.000000000000   -0.000000000000    0.000000000000   -0.000000000000   -0.009929551040    0.000000000000    0.000000000000
   0.000000000000    0.000000000000    0.000000000000   -0.000000000000   -0.000000000000   -0.000000000000    0.000000000000   -0.003286446774   -0.000000000000    0.000000000000   -0.013824340777    0.000000000000    0.000000000000   -0.086579172124   -0.000000000000    0.000000000000    0.014592598332    0.000000000000   -0.000000000000    0.000000000000    0.000000000000    0.079675219491    0.000000000000   -0.000000000000    0.000000000000   -0.000000000000   -0.000000000000   -0.009929551040   -0.000000000000    0.000000000000   -0.000000000000   -0.000000000000
   0.007723012589    0.006651606255   -0.006769755924   -0.027676541995   -0.106313580541   -0.131340161219   -0.000000000000   -0.000000000000    0.033552204708    0.000000000000   -0.000000000000    0.090205495560    0.000000000000   -0.000000000000    0.154226994010    0.000000000000   -0.000000000000   -0.056970175511    0.000000000000    0.000000000000    0.000000000000   -0.000000000000   -0.191213022531    0.000000000000   -0.000000000000    0.000000000000   -0.000000000000    0.000000000000    0.026839310405    0.000000000000   -0.000000000000   -0.000000000000
  -0.000000000000   -0.000000000000   -0.000000000000   -0.000000000000    0.000000000000   -0.000000000000   -0.102493215190    0.000000000000   -0.000000000000   -0.086578802193    0.000000000000   -0.000000000000   -0.025684108830    0.000000000000   -0.000000000000    0.000000000000   -0.000000000000    0.000000000000    0.047075244125   -0.000000000000    0.000000000000   -0.000000000000    0.000000000000    0.017716090732   -0.000000000000    0.000000000000   -0.000000000000    0.000000000000   -0.000000000000   -0.004889218571    0.000000000000    0.000000000000
   0.000000000000    0.000000000000    0.000000000000   -0.000000000000   -0.000000000000   -0.000000000000    0.000000000000   -0.102493215190   -0.000000000000    0.000000000000   -0.086578802193    0.000000000000    0.000000000000   -0.025684108830    0.000000000000   -0.000000000000    0.047075244125    0.000000000000   -0.000000000000    0.000000000000   -0.000000000000    0.017716090732    0.000000000000   -0.000000000000    0.000000000000   -0.000000000000    0.000000000000   -0.004889218571   -0.000000000000    0.000000000000    0.000000000000   -0.000000000000
   2.468677469382    2.041446251429    0.255418332200   -0.267365415913   -0.404635500570   -0.287549417995   -0.000000000000   -0.000000000000    0.199770824121   -0.000000000000   -0.000000000000    0.154226762001   -0.000000000000    0.000000000000    0.044953108792    0.000000000000   -0.000000000000   -0.013866562831    0.000000000000    0.000000000000    0.000000000000   -0.000000000000   -0.060431693846    0.000000000000    0.000000000000    0.000000000000   -0.000000000000    0.000000000000    0.002418833806    0.000000000000   -0.000000000000   -0.000000000000
  -0.000000000000   -0.000000000000   -0.000000000000    0.000000000000    0.000000000000    0.000000000000    0.000000000000    0.000000000000   -0.000000000000   -0.000000000000   -0.000000000000   -0.000000000000   -0.000000000000   -0.000000000000    0.000000000000   -0.000249811666    0.000000000000    0.000000000000   -0.000000000000   -0.000000000000   -0.015456362597    0.000000000000    0.000000000000   -0.000000000000    0.000000000000    0.000000000000    0.001830537629   -0.000000000000   -0.000000000000   -0.000000000000   -0.000000000000    0.000000000000
   0.000000000000    0.000000000000    0.000000000000   -0.000000000000   -0.000000000000    0.000000000000   -0.000000000000   -0.000605327325    0.000000000000    0.000000000000   -0.014592491949    0.000000000000    0.000000000000   -0.047075159568   -0.000000000000    0.000000000000    0.007291604716   -0.000000000000    0.000000000000   -0.000000000000   -0.000000000000    0.080939112690    0.000000000000   -0.000000000000    0.000000000000   -0.000000000000   -0.000000000000   -0.011348119549   -0.000000000000   -0.000000000000    0.000000000000   -0.000000000000
   0.000626855189    0.001185756473   -0.000163881720   -0.010231985873   -0.051719704311   -0.029811026160   -0.000000000000   -0.000000000000    0.009260319204    0.000000000000   -0.000000000000    0.056970018747    0.000000000000    0.000000000000    0.013865825444    0.000000000000    0.000000000000   -0.029160626834   -0.000000000000    0.000000000000    0.000000000000   -0.000000000000   -0.087968583253   -0.000000000000   -0.000000000000   -0.000000000000   -0.000000000000    0.000000000000    0.024061199406   -0.000000000000   -0.000000000000   -0.000000000000
   0.000000000000    0.000000000000    0.000000000000   -0.000000000000   -0.000000000000   -0.000000000000   -0.000605327325   -0.000000000000    0.000000000000   -0.014592491949    0.000000000000    0.000000000000   -0.047075159568    0.000000000000   -0.000000000000   -0.000000000000    0.000000000000   -0.000000000000    0.007291604716    0.000000000000   -0.000000000000   -0.000000000000    0.000000000000    0.080939112690   -0.000000000000    0.000000000000   -0.000000000000   -0.000000000000   -0.000000000000   -0.011348119549    0.000000000000    0.000000000000
   0.000000000000    0.000000000000    0.000000000000    0.000000000000   -0.000000000000   -0.000000000000    0.000000000000   -0.000000000000   -0.000000000000   -0.000000000000    0.000000000000    0.000000000000   -0.000000000000    0.000000000000    0.000000000000   -0.000000000000    0.000000000000   -0.000000000000   -0.000000000000   -0.000249811666   -0.000000000000   -0.000000000000   -0.000000000000    0.000000000000   -0.015456362597   -0.000000000000    0.000000000000    0.000000000000    0.000000000000    0.000000000000    0.001830537629   -0.000000000000
  -0.000000000000   -0.000000000000   -0.000000000000    0.000000000000    0.000000000000    0.000000000000    0.000000000000   -0.000000000000   -0.000000000000   -0.000000000000   -0.000000000000   -0.000000000000   -0.000000000000   -0.000000000000   -0.000000000000   -0.015456398924   -0.000000000000    0.000000000000   -0.000000000000   -0.000000000000   -0.005364393922    0.000000000000    0.000000000000   -0.000000000000   -0.000000000000   -0.000000000000    0.007244879787    0.000000000000   -0.000000000000    0.000000000000   -0.000000000000    0.000000000000
   0.000000000000    0.000000000000    0.000000000000   -0.000000000000   -0.000000000000    0.000000000000    0.000000000000   -0.085534083214   -0.000000000000    0.000000000000   -0.079675108508    0.000000000000    0.000000000000   -0.017716581968   -0.000000000000   -0.000000000000    0.080939084325   -0.000000000000    0.000000000000    0.000000000000   -0.000000000000   -0.015153313041    0.000000000000   -0.000000000000    0.000000000000   -0.000000000000    0.000000000000   -0.010774496475    0.000000000000   -0.000000000000    0.000000000000   -0.000000000000
   0.919627136561    0.752620623940    0.031093604439   -0.187468119601   -0.202542080146   -0.140494966008   -0.000000000000    0.000000000000    0.288928156308   -0.000000000000   -0.000000000000    0.191211764656    0.000000000000   -0.000000000000    0.060429624820    0.000000000000    0.000000000000   -0.087968348390    0.000000000000    0.000000000000    0.000000000000    0.000000000000    0.026239367134    0.000000000000    0.000000000000    0.000000000000   -0.000000000000    0.000000000000   -0.007537497536   -0.000000000000   -0.000000000000   -0.000000000000
   0.000000000000    0.000000000000   -0.000000000000   -0.000000000000   -0.000000000000   -0.000000000000   -0.085534083214    0.000000000000    0.000000000000   -0.079675108508    0.000000000000    0.000000000000   -0.017716581968    0.000000000000    0.000000000000    0.000000000000   -0.000000000000    0.000000000000    0.080939084325   -0.000000000000    0.000000000000   -0.000000000000   -0.000000000000   -0.015153313041   -0.000000000000    0.000000000000   -0.000000000000   -0.000000000000   -0.000000000000   -0.010774496475    0.000000000000    0.000000000000
   0.000000000000    0.000000000000    0.000000000000    0.000000000000   -0.000000000000   -0.000000000000   -0.000000000000   -0.000000000000   -0.000000000000   -0.000000000000    0.000000000000   -0.000000000000   -0.000000000000   -0.000000000000   -0.000000000000   -0.000000000000   -0.000000000000   -0.000000000000   -0.000000000000   -0.015456398924   -0.000000000000    0.000000000000   -0.000000000000    0.000000000000   -0.005364393922   -0.000000000000    0.000000000000    0.000000000000    0.000000000000    0.000000000000    0.007244879787   -0.000000000000
   0.000000000000    0.000000000000    0.000000000000    0.000000000000   -0.000000000000   -0.000000000000    0.000000000000    0.000000000000   -0.000000000000    0.000000000000   -0.000000000000   -0.000000000000    0.000000000000   -0.000000000000    0.000000000000    0.000000000000    0.000000000000    0.000000000000   -0.000000000000   -0.000000000000   -0.000000000000    0.000000000000   -0.000000000000   -0.000000000000   -0.000000000000   -0.000126459593   -0.000000000000   -0.000000000000    0.000000000000    0.000000000000    0.000000000000    0.000000000000
  -0.000000000000   -0.000000000000   -0.000000000000    0.000000000000    0.000000000000    0.000000000000   -0.000000000000    0.000000000000   -0.000000000000   -0.000000000000    0.000000000000   -0.000000000000    0.000000000000   -0.000000000000   -0.000000000000   -0.001830555562   -0.000000000000    0.000000000000   -0.000000000000   -0.000000000000   -0.007244973020    0.000000000000    0.000000000000   -0.000000000000    0.000000000000    0.000000000000    0.002152473260    0.000000000000   -0.000000000000    0.000000000000   -0.000000000000    0.000000000000
   0.000000000000    0.000000000000    0.000000000000   -0.000000000000    0.000000000000    0.000000000000    0.000000000000   -0.001273502850    0.000000000000    0.000000000000   -0.009929592846   -0.000000000000    0.000000000000   -0.004889197419   -0.000000000000    0.000000000000    0.011348198366    0.000000000000    0.000000000000    0.000000000000    0.000000000000    0.010774795452    0.000000000000   -0.000000000000    0.000000000000   -0.000000000000   -0.000000000000   -0.011956517887   -0.000000000000   -0.000000000000    0.000000000000   -0.000000000000
   0.000098742270    0.000250117836   -0.000407636117   -0.005958905763   -0.010940741556   -0.005690157648    0.000000000000    0.000000000000    0.006882425165    0.000000000000    0.000000000000    0.026839464432    0.000000000000   -0.000000000000    0.002418600812    0.000000000000    0.000000000000   -0.024061311580   -0.000000000000    0.000000000000    0.000000000000    0.000000000000    0.007537394157   -0.000000000000    0.000000000000    0.000000000000   -0.000000000000    0.000000000000    0.023915837583    0.000000000000   -0.000000000000    0.000000000000
   0.000000000000    0.000000000000    0.000000000000   -0.000000000000   -0.000000000000   -0.000000000000   -0.001273502850    0.000000000000    0.000000000000   -0.009929592846    0.000000000000    0.000000000000   -0.004889197419    0.000000000000   -0.000000000000   -0.000000000000   -0.000000000000    0.000000000000    0.011348198366   -0.000000000000   -0.000000000000   -0.000000000000   -0.000000000000    0.010774795452   -0.000000000000    0.000000000000    0.000000000000   -0.000000000000   -0.000000000000   -0.011956517887    0.000000000000    0.000000000000
   0.000000000000    0.000000000000    0.000000000000   -0.000000000000   -0.000000000000   -0.000000000000    0.000000000000   -0.000000000000   -0.000000000000   -0.000000000000    0.000000000000    0.000000000000   -0.000000000000   -0.000000000000    0.000000000000   -0.000000000000   -0.000000000000   -0.000000000000   -0.000000000000   -0.001830555562   -0.000000000000    0.000000000000   -0.000000000000    0.000000000000   -0.007244973020   -0.000000000000    0.000000000000    0.000000000000    0.000000000000    0.000000000000    0.002152473260   -0.000000000000
  -0.000000000000   -0.000000000000    0.000000000000    0.000000000000   -0.000000000000    0.000000000000   -0.000000000000   -0.000000000000   -0.000000000000    0.000000000000   -0.000000000000    0.000000000000    0.000000000000   -0.000000000000   -0.000000000000   -0.000000000000    0.000000000000   -0.000000000000   -0.000000000000   -0.000000000000   -0.000000000000    0.000000000000    0.000000000000   -0.000000000000   -0.000000000000   -0.000000000000    0.000000000000   -0.000000000000   -0.000000000000    0.000000000000    0.000000000000   -0.000126459593
