  -0.000014297641   -0.000039219158   -0.000061971462    0.000093035335    0.155623083254    1.050011145170    0.000000000000    0.000000000000   -0.000042259407    0.000000000000    0.000000000000   -0.007422546527    0.000000000000   -0.000000000000   -2.468272188556   -0.000000000000    0.000000000000    0.000575816901    0.000000000000    0.000000000000    0.000000000000    0.000000000000    0.919369492393    0.000000000000   -0.000000000000   -0.000000000000    0.000000000000    0.000000000000   -0.000070917853   -0.000000000000   -0.000000000000   -0.000000000000
  -0.000039219087   -0.000107491786   -0.000168369272    0.000253964169    0.127411571654    0.867321133022    0.000000000000    0.000000000000   -0.000124139699    0.000000000000    0.000000000000   -0.005821584157    0.000000000000   -0.000000000000   -2.040324580628   -0.000000000000    0.000000000000    0.001046836945   -0.000000000000    0.000000000000    0.000000000000    0.000000000000    0.751904620914    0.000000000000   -0.000000000000   -0.000000000000    0.000000000000    0.000000000000   -0.000173032768   -0.000000000000   -0.000000000000   -0.000000000000
  -0.000061970757   -0.000168367651   -0.000244011976    0.000330067261   -0.002137404107    0.095174044195    0.000000000000    0.000000000000   -0.000250595536    0.000000000000    0.000000000000    0.008227324545   -0.000000000000   -0.000000000000   -0.253010274257   -0.000000000000    0.000000000000   -0.000383003579    0.000000000000    0.000000000000   -0.000000000000    0.000000000000    0.029159625702    0.000000000000    0.000000000000   -0.000000000000    0.000000000000    0.000000000000    0.000546851183   -0.000000000000   -0.000000000000   -0.000000000000
   0.000093034561    0.000253962500    0.000330068341   -0.001565876343   -0.054376974963   -0.141142167040   -0.000000000000    0.000000000000    0.001134300635   -0.000000000000   -0.000000000000    0.026295563226   -0.000000000000   -0.000000000000    0.266869141150    0.000000000000   -0.000000000000   -0.010089778734    0.000000000000   -0.000000000000   -0.000000000000   -0.000000000000   -0.188788656759    0.000000000000    0.000000000000   -0.000000000000   -0.000000000000    0.000000000000    0.005886561181    0.000000000000    0.000000000000   -0.000000000000
   0.155623048939    0.127411487413   -0.002137544556   -0.054376945535   -0.135434106689   -0.248174469596   -0.000000000000    0.000000000000    0.072762221544   -0.000000000000   -0.000000000000    0.098473250819   -0.000000000000    0.000000000000    0.395461002451    0.000000000000   -0.000000000000   -0.052342957923   -0.000000000000   -0.000000000001    0.000000000000   -0.000000000000   -0.203902822966    0.000000000000   -0.000000000001    0.000000000000   -0.000000000000    0.000000000000    0.011182000851    0.000000000000    0.000000000000   -0.000000000000
   1.050011035645    0.867320883697    0.095173538260   -0.141142275661   -0.248173956809   -0.279631962344    0.000000000000    0.000000000000    0.127370028542   -0.000000000000   -0.000000000000    0.122544042801   -0.000000000000   -0.000000000000    0.272962011593   -0.000000000000   -0.000000000000   -0.030811350329   -0.000000000000    0.000000000000    0.000000000000   -0.000000000000   -0.141323546224    0.000000000000   -0.000000000001    0.000000000000   -0.000000000000    0.000000000000    0.005130747087    0.000000000000    0.000000000001   -0.000000000000
  -0.000000000000   -0.000000000000   -0.000000000000    0.000000000000   -0.000000000000   -0.000000000000    0.000161185046   -0.000000000000   -0.000000000000   -0.003012123703   -0.000000000000    0.000000000000   -0.102201971850   -0.000000000000    0.000000000000   -0.000000000000    0.000000000000   -0.000000000000    0.000487978123   -0.000000000000   -0.000000000000    0.000000000000    0.000000000000    0.085436432408   -0.000000000000    0.000000000000   -0.000000000000   -0.000000000000    0.000000000000   -0.001187975220    0.000000000000   -0.000000000000
  -0.000000000000   -0.000000000000   -0.000000000000    0.000000000000   -0.000000000000   -0.000000000000   -0.000000000000    0.000161185046   -0.000000000000   -0.000000000000   -0.003012123703    0.000000000000   -0.000000000000   -0.102201971853    0.000000000000    0.000000000000    0.000487978124   -0.000000000000    0.000000000000    0.000000000000   -0.000000000000    0.085436432411    0.000000000000    0.000000000000   -0.000000000000   -0.000000000000   -0.000000000000   -0.001187975221    0.000000000000   -0.000000000000   -0.000000000000   -0.000000000000
   0.000042264521    0.000124153917    0.000250620532   -0.001134332645   -0.072762394025   -0.127370155520    0.000000000000    0.000000000000    0.000288722881    0.000000000000    0.000000000000    0.033852216781   -0.000000000000    0.000000000000    0.206219241275    0.000000000000   -0.000000000000   -0.009088890428    0.000000000000   -0.000000000000    0.000000000000   -0.000000000000   -0.292563681845    0.000000000000   -0.000000000000   -0.000000000000   -0.000000000000    0.000000000000    0.006908258649    0.000000000000    0.000000000000   -0.000000000000
  -0.000000000000   -0.000000000000   -0.000000000000    0.000000000000   -0.000000000000   -0.000000000000   -0.003012116180   -0.000000000000   -0.000000000000   -0.012538071475    0.000000000000    0.000000000000   -0.085477992557   -0.000000000000    0.000000000000   -0.000000000000   -0.000000000000   -0.000000000000    0.014227549061   -0.000000000000    0.000000000000    0.000000000000   -0.000000000000    0.080068477682   -0.000000000000    0.000000000000    0.000000000000    0.000000000000    0.000000000000   -0.009871882605    0.000000000000   -0.000000000000
  -0.000000000000   -0.000000000000   -0.000000000000    0.000000000000    0.000000000000    0.000000000000   -0.000000000000   -0.003012116180    0.000000000000    0.000000000000   -0.012538071474    0.000000000000   -0.000000000000   -0.085477992559    0.000000000000    0.000000000000    0.014227549061   -0.000000000000   -0.000000000000    0.000000000000   -0.000000000000    0.080068477685   -0.000000000000    0.000000000000   -0.000000000000   -0.000000000000   -0.000000000000   -0.009871882605    0.000000000000    0.000000000000   -0.000000000000   -0.000000000000
   0.007422508398    0.005821481716   -0.008227481250   -0.026295382464   -0.098472161021   -0.122542751106   -0.000000000000    0.000000000000    0.033852106059   -0.000000000000    0.000000000000    0.086096559736   -0.000000000000    0.000000000000    0.145860558014    0.000000000000   -0.000000000000   -0.058224238958   -0.000000000000   -0.000000000000    0.000000000000   -0.000000000000   -0.195740514685    0.000000000000   -0.000000000000    0.000000000000   -0.000000000000    0.000000000000    0.027323392021    0.000000000000    0.000000000000   -0.000000000000
   0.000000000000    0.000000000000   -0.000000000000   -0.000000000000   -0.000000000000   -0.000000000000   -0.102202038636   -0.000000000000    0.000000000000   -0.085478098987    0.000000000000    0.000000000000   -0.026419491638    0.000000000000    0.000000000000   -0.000000000000   -0.000000000000    0.000000000000    0.048373135049   -0.000000000000   -0.000000000000   -0.000000000000    0.000000000000    0.020921385088   -0.000000000000    0.000000000000    0.000000000000    0.000000000000    0.000000000000   -0.005652302864    0.000000000000   -0.000000000000
  -0.000000000000   -0.000000000000   -0.000000000000    0.000000000000    0.000000000000    0.000000000000   -0.000000000000   -0.102202038636    0.000000000000    0.000000000000   -0.085478098986    0.000000000000    0.000000000000   -0.026419491634   -0.000000000000   -0.000000000000    0.048373135044   -0.000000000000   -0.000000000000    0.000000000000   -0.000000000000    0.020921385084   -0.000000000000   -0.000000000000    0.000000000000   -0.000000000000   -0.000000000000   -0.005652302863    0.000000000000    0.000000000000   -0.000000000000   -0.000000000000
   2.468271915964    2.040323948379    0.253008983386   -0.266869188358   -0.395457319486   -0.272957649411   -0.000000000000   -0.000000000000    0.206219306489   -0.000000000000   -0.000000000000    0.145860624188   -0.000000000000   -0.000000000000   -0.001131460431   -0.000000000000    0.000000000000   -0.017696802141   -0.000000000000    0.000000000003    0.000000000000    0.000000000000   -0.059242910720    0.000000000000   -0.000000000000    0.000000000000   -0.000000000000    0.000000000000    0.000973980974    0.000000000000    0.000000000001   -0.000000000000
   0.000000000000    0.000000000000    0.000000000000   -0.000000000000   -0.000000000002   -0.000000000004   -0.000000000000   -0.000000000000   -0.000000000000   -0.000000000000    0.000000000000    0.000000000002   -0.000000000000    0.000000000000    0.000000000009   -0.000169456615    0.000000000000    0.000000000000    0.000000000000    0.000000000000   -0.015517522089    0.000000000000   -0.000000000004    0.000000000000    0.000000000000    0.000000000000    0.001780673866    0.000000000000    0.000000000000    0.000000000000   -0.000000000000    0.000000000000
   0.000000000000    0.000000000000    0.000000000000   -0.000000000000    0.000000000000    0.000000000000   -0.000000000000   -0.000487969751    0.000000000000    0.000000000000   -0.014227583886   -0.000000000000    0.000000000001   -0.048373139262   -0.000000000000    0.000000000000    0.006772717776   -0.000000000000    0.000000000000   -0.000000000000   -0.000000000000    0.082934059230   -0.000000000000   -0.000000000000   -0.000000000000   -0.000000000000   -0.000000000000   -0.011316565440    0.000000000000    0.000000000000   -0.000000000000   -0.000000000000
   0.000575821542    0.001046850304   -0.000382976732   -0.010089812681   -0.052343180760   -0.030811690964    0.000000000000    0.000000000000    0.009088866692    0.000000000000    0.000000000000    0.058224400224   -0.000000000000    0.000000000000    0.017697300982    0.000000000000   -0.000000000000   -0.029476321833   -0.000000000000   -0.000000000001    0.000000000000   -0.000000000000   -0.093636721007   -0.000000000000   -0.000000000001    0.000000000000   -0.000000000000    0.000000000000    0.024599877542    0.000000000000    0.000000000000   -0.000000000000
   0.000000000000    0.000000000000    0.000000000000   -0.000000000000    0.000000000000   -0.000000000000   -0.000487969751   -0.000000000000    0.000000000000   -0.014227583888    0.000000000000   -0.000000000000   -0.048373139270    0.000000000001   -0.000000000000   -0.000000000000    0.000000000000    0.000000000000    0.006772717774    0.000000000000    0.000000000000   -0.000000000000   -0.000000000000    0.082934059235    0.000000000000    0.000000000000    0.000000000000    0.000000000000    0.000000000000   -0.011316565440    0.000000000000   -0.000000000000
  -0.000000000000   -0.000000000000   -0.000000000001    0.000000000001    0.000000000013    0.000000000022    0.000000000000    0.000000000000    0.000000000001   -0.000000000000   -0.000000000000   -0.000000000013   -0.000000000000    0.000000000000   -0.000000000045   -0.000000000000   -0.000000000000   -0.000000000001    0.000000000000   -0.000169456615    0.000000000000   -0.000000000000    0.000000000022    0.000000000000   -0.015517522089    0.000000000000    0.000000000000    0.000000000000   -0.000000000002   -0.000000000000    0.001780673866   -0.000000000000
   0.000000000000    0.000000000000    0.000000000000   -0.000000000000   -0.000000000001   -0.000000000002    0.000000000000   -0.000000000000   -0.000000000000    0.000000000000    0.000000000000    0.000000000001   -0.000000000000   -0.000000000000    0.000000000004   -0.015517506777   -0.000000000000    0.000000000000   -0.000000000000   -0.000000000000   -0.006709440820    0.000000000000   -0.000000000002    0.000000000000   -0.000000000000    0.000000000000    0.007505582571    0.000000000000    0.000000000000   -0.000000000000   -0.000000000000    0.000000000000
   0.000000000000    0.000000000000    0.000000000000   -0.000000000000   -0.000000000000   -0.000000000000   -0.000000000000   -0.085436462290    0.000000000000    0.000000000000   -0.080068506480   -0.000000000000    0.000000000001   -0.020921181255   -0.000000000000    0.000000000000    0.082934067740   -0.000000000000   -0.000000000000    0.000000000000   -0.000000000000   -0.007399440685   -0.000000000000   -0.000000000001    0.000000000000   -0.000000000000   -0.000000000000   -0.012909150989    0.000000000000    0.000000000000   -0.000000000000   -0.000000000000
   0.919369396781    0.751904402097    0.029159146568   -0.188788835362   -0.203902083408   -0.141322795722    0.000000000000   -0.000000000000    0.292563836196   -0.000000000000   -0.000000000000    0.195740949371   -0.000000000000    0.000000000000    0.059243721939   -0.000000000000   -0.000000000000   -0.093636654546   -0.000000000000    0.000000000001    0.000000000000    0.000000000000    0.016228920867    0.000000000000   -0.000000000001    0.000000000000   -0.000000000000    0.000000000000   -0.004551521281   -0.000000000000    0.000000000000   -0.000000000000
   0.000000000000    0.000000000000   -0.000000000000   -0.000000000000   -0.000000000000   -0.000000000000   -0.085436462290   -0.000000000000    0.000000000000   -0.080068506483    0.000000000000   -0.000000000000   -0.020921181264    0.000000000001    0.000000000000   -0.000000000000   -0.000000000000    0.000000000000    0.082934067743   -0.000000000000    0.000000000000   -0.000000000001   -0.000000000000   -0.007399440677   -0.000000000000    0.000000000000    0.000000000000    0.000000000000    0.000000000000   -0.012909150990    0.000000000000   -0.000000000000
  -0.000000000000   -0.000000000000   -0.000000000000    0.000000000000    0.000000000005    0.000000000009   -0.000000000000   -0.000000000000    0.000000000001   -0.000000000000   -0.000000000000   -0.000000000006   -0.000000000000    0.000000000000   -0.000000000020    0.000000000000   -0.000000000000   -0.000000000001    0.000000000000   -0.015517506777    0.000000000000   -0.000000000000    0.000000000010    0.000000000000   -0.006709440820    0.000000000000    0.000000000000    0.000000000000   -0.000000000001   -0.000000000000    0.007505582571   -0.000000000000
  -0.000000000000   -0.000000000000   -0.000000000000   -0.000000000000   -0.000000000000    0.000000000000   -0.000000000000    0.000000000000   -0.000000000000   -0.000000000000    0.000000000000   -0.000000000000   -0.000000000000    0.000000000001   -0.000000000000   -0.000000000000   -0.000000000000    0.000000000000    0.000000000000   -0.000000000000   -0.000000000000   -0.000000000002    0.000000000000    0.000000000000   -0.000000000000   -0.000117683426    0.000000000000    0.000000000000   -0.000000000000   -0.000000000000    0.000000000000    0.000000000000
   0.000000000000    0.000000000000    0.000000000000   -0.000000000000   -0.000000000000   -0.000000000000    0.000000000000    0.000000000000   -0.000000000000   -0.000000000000    0.000000000000    0.000000000000   -0.000000000000    0.000000000000    0.000000000001   -0.001780667211   -0.000000000000   -0.000000000000    0.000000000000   -0.000000000000   -0.007505549440   -0.000000000000   -0.000000000001    0.000000000000   -0.000000000000    0.000000000000    0.002109171464    0.000000000000    0.000000000000   -0.000000000000   -0.000000000000    0.000000000000
  -0.000000000000   -0.000000000000   -0.000000000000    0.000000000000    0.000000000000    0.000000000000   -0.000000000000   -0.001187969886   -0.000000000000    0.000000000000   -0.009871874286    0.000000000000    0.000000000000   -0.005652320318   -0.000000000000    0.000000000000    0.011316539201    0.000000000000   -0.000000000000    0.000000000000    0.000000000000    0.012909057064    0.000000000000   -0.000000000000    0.000000000000   -0.000000000000   -0.000000000000   -0.012013955639    0.000000000000    0.000000000000   -0.000000000000   -0.000000000000
   0.000070912969    0.000173019735   -0.000546869116   -0.005886534427   -0.011181862795   -0.005130656663    0.000000000000    0.000000000000    0.006908234752    0.000000000000    0.000000000000    0.027323346848    0.000000000000    0.000000000000    0.000974085317   -0.000000000000    0.000000000000   -0.024599825279   -0.000000000000    0.000000000000   -0.000000000000    0.000000000000    0.004551540778   -0.000000000000    0.000000000000    0.000000000000   -0.000000000000    0.000000000000    0.024291473536    0.000000000000    0.000000000000   -0.000000000000
   0.000000000000    0.000000000000   -0.000000000000    0.000000000000    0.000000000000    0.000000000000   -0.001187969886   -0.000000000000   -0.000000000000   -0.009871874287    0.000000000000   -0.000000000000   -0.005652320320    0.000000000000    0.000000000000    0.000000000000   -0.000000000000    0.000000000000    0.011316539201    0.000000000000    0.000000000000   -0.000000000000   -0.000000000000    0.012909057066    0.000000000000    0.000000000000    0.000000000000    0.000000000000   -0.000000000000   -0.012013955639   -0.000000000000   -0.000000000000
  -0.000000000000   -0.000000000000   -0.000000000000    0.000000000000    0.000000000001    0.000000000002   -0.000000000000   -0.000000000000    0.000000000000   -0.000000000000   -0.000000000000   -0.000000000002   -0.000000000000    0.000000000000   -0.000000000003   -0.000000000000   -0.000000000000    0.000000000000    0.000000000000   -0.001780667211    0.000000000000   -0.000000000000    0.000000000003    0.000000000000   -0.007505549440    0.000000000000    0.000000000000    0.000000000000   -0.000000000000   -0.000000000000    0.002109171464    0.000000000000
   0.000000000000    0.000000000000    0.000000000000   -0.000000000000   -0.000000000000   -0.000000000000    0.000000000000    0.000000000000    0.000000000000    0.000000000000    0.000000000000    0.000000000000    0.000000000001    0.000000000000    0.000000000000   -0.000000000000   -0.000000000000   -0.000000000000   -0.000000000000   -0.000000000000   -0.000000000000   -0.000000000000   -0.000000000000   -0.000000000002   -0.000000000000   -0.000000000000    0.000000000000    0.000000000000   -0.000000000000    0.000000000000    0.000000000000   -0.000117683426
