  -0.000040245876   -0.000110230787   -0.000177290452    0.000239365908    0.156557768512    1.051056039171    0.000000000000   -0.000000000000   -0.000068105658    0.000000000000   -0.000000000000   -0.007723425568    0.000000000000    0.000000000000   -2.468705531172    0.000000000000    0.000000000000    0.000627403864   -0.000000000000   -0.000000000000    0.000000000000    0.000000000000    0.919637504978   -0.000000000000   -0.000000000000    0.000000000000   -0.000000000000   -0.000000000000   -0.000098846192    0.000000000000    0.000000000000   -0.000000000000
  -0.000110230854   -0.000301845209   -0.000484162612    0.000654500504    0.129972771579    0.870172598149    0.000000000000   -0.000000000000   -0.000193989064    0.000000000000   -0.000000000000   -0.006652680176    0.000000000000    0.000000000000   -2.041492189565    0.000000000000    0.000000000000    0.001187258998   -0.000000000000   -0.000000000000    0.000000000000    0.000000000000    0.752637643076   -0.000000000000   -0.000000000000    0.000000000000    0.000000000000   -0.000000000000   -0.000250406310    0.000000000000    0.000000000000   -0.000000000000
  -0.000177291075   -0.000484164024   -0.000759200795    0.000980485941    0.002224054122    0.100167401987    0.000000000000   -0.000000000000   -0.000352352988    0.000000000000   -0.000000000000    0.006766725964    0.000000000000    0.000000000000   -0.255554395903    0.000000000000    0.000000000000   -0.000161294851   -0.000000000000   -0.000000000000   -0.000000000000    0.000000000000    0.031152383101   -0.000000000000   -0.000000000000    0.000000000000    0.000000000000   -0.000000000000    0.000407132860    0.000000000000    0.000000000000   -0.000000000000
   0.000239366703    0.000654502271    0.000980485638   -0.002384391369   -0.058903320963   -0.145670617176   -0.000000000000    0.000000000000    0.001274028211   -0.000000000000   -0.000000000000    0.027671295995   -0.000000000000    0.000000000000    0.267144965616   -0.000000000000   -0.000000000000   -0.010233261409    0.000000000000    0.000000000000   -0.000000000000   -0.000000000000   -0.187354280288    0.000000000000    0.000000000000   -0.000000000000    0.000000000000    0.000000000000    0.005958448829    0.000000000000   -0.000000000000    0.000000000000
   0.156557799959    0.129972847169    0.002224184450   -0.058903327902   -0.164014869807   -0.278423987412   -0.000000000000    0.000000000000    0.072444151250   -0.000000000000   -0.000000000000    0.106235234476   -0.000000000000   -0.000000000000    0.404191207673    0.000000000000   -0.000000000000   -0.051703282533    0.000000000000    0.000000000000    0.000000000000   -0.000000000000   -0.202291628844    0.000000000000    0.000000000000   -0.000000000000   -0.000000000000    0.000000000000    0.010926115558    0.000000000000   -0.000000000000    0.000000000000
   1.051056146013    0.870172833641    0.100167892448   -0.145670446341   -0.278424349980   -0.310781542240   -0.000000000000   -0.000000000000    0.125009428890   -0.000000000000   -0.000000000000    0.131225173742    0.000000000000   -0.000000000000    0.287057847394    0.000000000000    0.000000000000   -0.029800743540    0.000000000000    0.000000000000    0.000000000000    0.000000000000   -0.140340051358   -0.000000000000   -0.000000000000   -0.000000000000   -0.000000000000    0.000000000000    0.005687714637    0.000000000000   -0.000000000000    0.000000000000
   0.000000000000    0.000000000000    0.000000000000   -0.000000000000   -0.000000000000    0.000000000000    0.000130811617   -0.000000000000    0.000000000000   -0.003285691586   -0.000000000000    0.000000000000   -0.102464141093   -0.000000000000   -0.000000000000    0.000000000000    0.000000000000   -0.000000000000    0.000604938008   -0.000000000000   -0.000000000000    0.000000000000    0.000000000000    0.085510520523   -0.000000000000   -0.000000000000   -0.000000000000   -0.000000000000    0.000000000000   -0.001273428669   -0.000000000000    0.000000000000
   0.000000000000    0.000000000000    0.000000000000   -0.000000000000   -0.000000000000    0.000000000000    0.000000000000    0.000130811617   -0.000000000000    0.000000000000   -0.003285691586    0.000000000000   -0.000000000000   -0.102464141093   -0.000000000000   -0.000000000000    0.000604938008   -0.000000000000    0.000000000000    0.000000000000    0.000000000000    0.085510520523    0.000000000000    0.000000000000    0.000000000000    0.000000000000   -0.000000000000   -0.001273428669    0.000000000000    0.000000000000   -0.000000000000    0.000000000000
   0.000068101404    0.000193977240    0.000352332356   -0.001274001664   -0.072444023587   -0.125009343515   -0.000000000000   -0.000000000000    0.000428797064   -0.000000000000   -0.000000000000    0.033545213719   -0.000000000000    0.000000000000    0.199709233539    0.000000000000    0.000000000000   -0.009259659959    0.000000000000   -0.000000000000   -0.000000000000   -0.000000000000   -0.288838085855    0.000000000000    0.000000000000   -0.000000000000    0.000000000000   -0.000000000000    0.006881840479    0.000000000000   -0.000000000000    0.000000000000
  -0.000000000000   -0.000000000000   -0.000000000000   -0.000000000000    0.000000000000    0.000000000000   -0.003285700036   -0.000000000000    0.000000000000   -0.013816215660   -0.000000000000    0.000000000000   -0.086477280635   -0.000000000000   -0.000000000000   -0.000000000000   -0.000000000000    0.000000000000    0.014588601217    0.000000000000   -0.000000000000   -0.000000000000    0.000000000000    0.079579139770   -0.000000000000   -0.000000000000    0.000000000000   -0.000000000000    0.000000000000   -0.009924887026    0.000000000000    0.000000000000
   0.000000000000    0.000000000000    0.000000000000   -0.000000000000   -0.000000000000    0.000000000000    0.000000000000   -0.003285700036   -0.000000000000   -0.000000000000   -0.013816215660    0.000000000000   -0.000000000000   -0.086477280635   -0.000000000000   -0.000000000000    0.014588601217   -0.000000000000   -0.000000000000   -0.000000000000    0.000000000000    0.079579139770    0.000000000000    0.000000000000   -0.000000000000    0.000000000000    0.000000000000   -0.009924887026    0.000000000000    0.000000000000    0.000000000000    0.000000000000
   0.007723461601    0.006652777014   -0.006766574770   -0.027671461364   -0.106236294317   -0.131226430728    0.000000000000    0.000000000000    0.033545295387    0.000000000000    0.000000000000    0.090145657507   -0.000000000000    0.000000000000    0.154057260650   -0.000000000000   -0.000000000000   -0.056946462516   -0.000000000000    0.000000000000   -0.000000000000   -0.000000000000   -0.190951445929   -0.000000000000    0.000000000000   -0.000000000000    0.000000000000    0.000000000000    0.026818168229    0.000000000000   -0.000000000000    0.000000000000
  -0.000000000000   -0.000000000000   -0.000000000000   -0.000000000000    0.000000000000    0.000000000000   -0.102464068428    0.000000000000   -0.000000000000   -0.086477145967   -0.000000000000   -0.000000000000   -0.025279933830   -0.000000000000   -0.000000000000   -0.000000000000    0.000000000000    0.000000000000    0.047046044265   -0.000000000000   -0.000000000000   -0.000000000000    0.000000000000    0.017503040906   -0.000000000000    0.000000000000    0.000000000000   -0.000000000000    0.000000000000   -0.004878063355    0.000000000000    0.000000000000
   0.000000000000    0.000000000000    0.000000000000    0.000000000000   -0.000000000000    0.000000000000    0.000000000000   -0.102464068428    0.000000000000    0.000000000000   -0.086477145967    0.000000000000   -0.000000000000   -0.025279933830    0.000000000000   -0.000000000000    0.047046044265   -0.000000000000   -0.000000000000   -0.000000000000   -0.000000000000    0.017503040906    0.000000000000   -0.000000000000   -0.000000000000   -0.000000000000    0.000000000000   -0.004878063355   -0.000000000000    0.000000000000   -0.000000000000   -0.000000000000
   2.468705801614    2.041492800375    0.255555663551   -0.267144790194   -0.404194406913   -0.287061696176   -0.000000000000   -0.000000000000    0.199709149607   -0.000000000000    0.000000000000    0.154057158920   -0.000000000000    0.000000000000    0.044708329113    0.000000000000   -0.000000000000   -0.013838451303    0.000000000000   -0.000000000000    0.000000000000   -0.000000000000   -0.060360192643    0.000000000000   -0.000000000000   -0.000000000000   -0.000000000000    0.000000000000    0.002419182734   -0.000000000000   -0.000000000000    0.000000000000
  -0.000000000000   -0.000000000000   -0.000000000000    0.000000000000   -0.000000000000   -0.000000000000   -0.000000000000   -0.000000000000   -0.000000000000    0.000000000000    0.000000000000    0.000000000000    0.000000000000    0.000000000000    0.000000000000   -0.000249439535    0.000000000000   -0.000000000000    0.000000000000    0.000000000000   -0.015447013031   -0.000000000000    0.000000000000   -0.000000000000    0.000000000000   -0.000000000000    0.001830312416   -0.000000000000    0.000000000000   -0.000000000000   -0.000000000000   -0.000000000000
   0.000000000000    0.000000000000    0.000000000000   -0.000000000000   -0.000000000000   -0.000000000000    0.000000000000   -0.000604946301    0.000000000000   -0.000000000000   -0.014588574636    0.000000000000   -0.000000000000   -0.047046051884   -0.000000000000   -0.000000000000    0.007288407214   -0.000000000000    0.000000000000    0.000000000000   -0.000000000000    0.080876184427    0.000000000000    0.000000000000   -0.000000000000   -0.000000000000    0.000000000000   -0.011345403091    0.000000000000   -0.000000000000   -0.000000000000    0.000000000000
   0.000627404634    0.001187260622   -0.000161295058   -0.010233258200   -0.051703301594   -0.029800699876    0.000000000000   -0.000000000000    0.009259675060    0.000000000000    0.000000000000    0.056946426304   -0.000000000000    0.000000000000    0.013838252059    0.000000000000    0.000000000000   -0.029153358174   -0.000000000000   -0.000000000000   -0.000000000000   -0.000000000000   -0.087864111366    0.000000000000    0.000000000000   -0.000000000000   -0.000000000000    0.000000000000    0.024052027294    0.000000000000   -0.000000000000    0.000000000000
   0.000000000000    0.000000000000    0.000000000000   -0.000000000000   -0.000000000000   -0.000000000000   -0.000604946301   -0.000000000000    0.000000000000   -0.014588574636   -0.000000000000    0.000000000000   -0.047046051884   -0.000000000000    0.000000000000    0.000000000000    0.000000000000   -0.000000000000    0.007288407214   -0.000000000000   -0.000000000000   -0.000000000000   -0.000000000000    0.080876184427   -0.000000000000    0.000000000000    0.000000000000   -0.000000000000    0.000000000000   -0.011345403091   -0.000000000000    0.000000000000
   0.000000000000    0.000000000000   -0.000000000000    0.000000000000    0.000000000000    0.000000000000    0.000000000000    0.000000000000    0.000000000000   -0.000000000000   -0.000000000000   -0.000000000000   -0.000000000000   -0.000000000000   -0.000000000000    0.000000000000    0.000000000000    0.000000000000    0.000000000000   -0.000249439535    0.000000000000   -0.000000000000    0.000000000000    0.000000000000   -0.015447013031    0.000000000000    0.000000000000   -0.000000000000    0.000000000000    0.000000000000    0.001830312416    0.000000000000
  -0.000000000000   -0.000000000000   -0.000000000000   -0.000000000000   -0.000000000000   -0.000000000000   -0.000000000000   -0.000000000000   -0.000000000000    0.000000000000    0.000000000000   -0.000000000000    0.000000000000    0.000000000000    0.000000000000   -0.015447022797    0.000000000000   -0.000000000000   -0.000000000000    0.000000000000   -0.005282327324   -0.000000000000   -0.000000000000   -0.000000000000    0.000000000000   -0.000000000000    0.007232082197   -0.000000000000    0.000000000000   -0.000000000000   -0.000000000000   -0.000000000000
  -0.000000000000    0.000000000000    0.000000000000    0.000000000000    0.000000000000    0.000000000000    0.000000000000   -0.085510488114   -0.000000000000   -0.000000000000   -0.079579099771    0.000000000000   -0.000000000000   -0.017503226197   -0.000000000000   -0.000000000000    0.080876148010   -0.000000000000   -0.000000000000    0.000000000000    0.000000000000   -0.015485234638    0.000000000000    0.000000000000   -0.000000000000   -0.000000000000    0.000000000000   -0.010723989310   -0.000000000000   -0.000000000000    0.000000000000    0.000000000000
   0.919637599182    0.752637852370    0.031152852192   -0.187354061232   -0.202292264331   -0.140340715299    0.000000000000    0.000000000000    0.288837883692    0.000000000000    0.000000000000    0.190950996092   -0.000000000000    0.000000000000    0.060359468876   -0.000000000000   -0.000000000000   -0.087863992296   -0.000000000000    0.000000000000   -0.000000000000   -0.000000000000    0.026474182620   -0.000000000000    0.000000000000   -0.000000000000   -0.000000000000    0.000000000000   -0.007590256560    0.000000000000   -0.000000000000    0.000000000000
  -0.000000000000    0.000000000000    0.000000000000   -0.000000000000   -0.000000000000    0.000000000000   -0.085510488114   -0.000000000000    0.000000000000   -0.079579099771   -0.000000000000    0.000000000000   -0.017503226197    0.000000000000    0.000000000000   -0.000000000000    0.000000000000    0.000000000000    0.080876148010   -0.000000000000   -0.000000000000   -0.000000000000   -0.000000000000   -0.015485234638   -0.000000000000   -0.000000000000    0.000000000000   -0.000000000000    0.000000000000   -0.010723989310    0.000000000000    0.000000000000
   0.000000000000    0.000000000000   -0.000000000000   -0.000000000000    0.000000000000   -0.000000000000    0.000000000000   -0.000000000000   -0.000000000000   -0.000000000000   -0.000000000000   -0.000000000000   -0.000000000000   -0.000000000000   -0.000000000000    0.000000000000    0.000000000000    0.000000000000   -0.000000000000   -0.015447022797    0.000000000000    0.000000000000    0.000000000000    0.000000000000   -0.005282327324    0.000000000000    0.000000000000   -0.000000000000    0.000000000000    0.000000000000    0.007232082197    0.000000000000
  -0.000000000000   -0.000000000000   -0.000000000000   -0.000000000000    0.000000000000    0.000000000000   -0.000000000000   -0.000000000000    0.000000000000   -0.000000000000   -0.000000000000   -0.000000000000   -0.000000000000    0.000000000000   -0.000000000000    0.000000000000   -0.000000000000   -0.000000000000   -0.000000000000   -0.000000000000    0.000000000000    0.000000000000    0.000000000000    0.000000000000   -0.000000000000   -0.000126438594   -0.000000000000    0.000000000000   -0.000000000000    0.000000000000    0.000000000000    0.000000000000
  -0.000000000000    0.000000000000    0.000000000000   -0.000000000000   -0.000000000000   -0.000000000000   -0.000000000000   -0.000000000000    0.000000000000   -0.000000000000    0.000000000000    0.000000000000    0.000000000000    0.000000000000    0.000000000000   -0.001830318448   -0.000000000000   -0.000000000000    0.000000000000    0.000000000000   -0.007232116146   -0.000000000000   -0.000000000000   -0.000000000000   -0.000000000000   -0.000000000000    0.002152149970   -0.000000000000   -0.000000000000   -0.000000000000   -0.000000000000   -0.000000000000
   0.000000000000    0.000000000000   -0.000000000000   -0.000000000000   -0.000000000000   -0.000000000000    0.000000000000   -0.001273434774    0.000000000000   -0.000000000000   -0.009924901988    0.000000000000   -0.000000000000   -0.004878058066    0.000000000000   -0.000000000000    0.011345427532   -0.000000000000   -0.000000000000    0.000000000000   -0.000000000000    0.010724094891    0.000000000000   -0.000000000000   -0.000000000000   -0.000000000000    0.000000000000   -0.011953904902    0.000000000000    0.000000000000    0.000000000000    0.000000000000
   0.000098851292    0.000250420007   -0.000407112538   -0.005958475258   -0.010926267960   -0.005687824134    0.000000000000    0.000000000000    0.006881858593    0.000000000000    0.000000000000    0.026818221463    0.000000000000   -0.000000000000    0.002419099968    0.000000000000   -0.000000000000   -0.024052060401   -0.000000000000    0.000000000000    0.000000000000   -0.000000000000    0.007590221019   -0.000000000000   -0.000000000000   -0.000000000000   -0.000000000000    0.000000000000    0.023907689039    0.000000000000   -0.000000000000    0.000000000000
  -0.000000000000    0.000000000000   -0.000000000000   -0.000000000000   -0.000000000000   -0.000000000000   -0.001273434774    0.000000000000    0.000000000000   -0.009924901988   -0.000000000000    0.000000000000   -0.004878058066    0.000000000000    0.000000000000   -0.000000000000   -0.000000000000   -0.000000000000    0.011345427532   -0.000000000000   -0.000000000000   -0.000000000000   -0.000000000000    0.010724094891   -0.000000000000   -0.000000000000    0.000000000000   -0.000000000000    0.000000000000   -0.011953904902   -0.000000000000    0.000000000000
  -0.000000000000   -0.000000000000   -0.000000000000    0.000000000000    0.000000000000    0.000000000000   -0.000000000000   -0.000000000000   -0.000000000000   -0.000000000000   -0.000000000000   -0.000000000000   -0.000000000000   -0.000000000000   -0.000000000000    0.000000000000    0.000000000000    0.000000000000    0.000000000000   -0.001830318448    0.000000000000    0.000000000000    0.000000000000    0.000000000000   -0.007232116146    0.000000000000    0.000000000000   -0.000000000000   -0.000000000000   -0.000000000000    0.002152149970    0.000000000000
   0.000000000000    0.000000000000    0.000000000000   -0.000000000000   -0.000000000000   -0.000000000000    0.000000000000    0.000000000000   -0.000000000000    0.000000000000    0.000000000000    0.000000000000   -0.000000000000    0.000000000000    0.000000000000    0.000000000000    0.000000000000    0.000000000000   -0.000000000000   -0.000000000000    0.000000000000   -0.000000000000    0.000000000000   -0.000000000000   -0.000000000000   -0.000000000000   -0.000000000000   -0.000000000000   -0.000000000000    0.000000000000    0.000000000000   -0.000126438594
