  -0.000040227101   -0.000110180373   -0.000177207484    0.000239295105    0.156559440100    1.051069151363   -0.000000000000   -0.000000000000   -0.000068091468    0.000000000000    0.000000000000   -0.007724115824    0.000000000000    0.000000000000   -2.468738770632   -0.000000000023   -0.000000000000    0.000628153383   -0.000000000000    0.000000000177   -0.000000000013   -0.000000000000    0.919649735432   -0.000000000000    0.000000000099    0.000000000000    0.000000000003   -0.000000000000   -0.000099007011   -0.000000000000   -0.000000000027    0.000000000000
  -0.000110180373   -0.000301709736   -0.000483939766    0.000654312462    0.129975183360    0.870193376242   -0.000000000000   -0.000000000000   -0.000193951158    0.000000000000    0.000000000000   -0.006654505329    0.000000000000    0.000000000000   -2.041547489142   -0.000000000062   -0.000000000000    0.001189310344    0.000000000000    0.000000000490   -0.000000000035   -0.000000000000    0.752657995062   -0.000000000000    0.000000000275    0.000000000000    0.000000000009   -0.000000000000   -0.000250851249   -0.000000000000   -0.000000000075    0.000000000000
  -0.000177207483   -0.000483939765   -0.000758834015    0.000980175891    0.002235293382    0.100233533856   -0.000000000000   -0.000000000000   -0.000352265916    0.000000000000    0.000000000000    0.006762282688    0.000000000000    0.000000000000   -0.255715610412   -0.000000000105   -0.000000000000   -0.000157814391    0.000000000000    0.000000000825   -0.000000000056   -0.000000000000    0.031221696724   -0.000000000000    0.000000000442    0.000000000000    0.000000000016   -0.000000000000    0.000406376596   -0.000000000000   -0.000000000125    0.000000000000
   0.000239295104    0.000654312460    0.000980175891   -0.002384024721   -0.058873254817   -0.145549623203    0.000000000000    0.000000000000    0.001273940138   -0.000000000000   -0.000000000000    0.027666441550   -0.000000000000   -0.000000000000    0.266893497227    0.000000000140    0.000000000000   -0.010235394731   -0.000000000000   -0.000000001100    0.000000000091    0.000000000000   -0.187223215549    0.000000000000   -0.000000000713   -0.000000000000   -0.000000000024    0.000000000000    0.005958165684    0.000000000000    0.000000000190   -0.000000000000
   0.156559440072    0.129975183292    0.002235293270   -0.058873254793   -0.163864010572   -0.278104176029    0.000000000000    0.000000000000    0.072420014358   -0.000000000000   -0.000000000000    0.106152647002   -0.000000000000   -0.000000000000    0.403705209664    0.000000000932    0.000000000000   -0.051687785875   -0.000000000000   -0.000000007309    0.000000000568    0.000000000000   -0.202008017733    0.000000000000   -0.000000004456   -0.000000000000   -0.000000000177    0.000000000000    0.010910389217    0.000000000000    0.000000001392   -0.000000000000
   1.051069151277    0.870193376043    0.100233533450   -0.145549623289   -0.278104175630   -0.310259978943    0.000000000000    0.000000000000    0.124964934592    0.000000000000   -0.000000000000    0.131101849766   -0.000000000000   -0.000000000000    0.286525720653    0.000000000819   -0.000000000000   -0.029791198550   -0.000000000000   -0.000000006428    0.000000000518   -0.000000000000   -0.140164546073    0.000000000000   -0.000000004068   -0.000000000000   -0.000000000249    0.000000000000    0.005685867727    0.000000000000    0.000000001955   -0.000000000000
   0.000000000000   -0.000000000000   -0.000000000000    0.000000000000    0.000000000000    0.000000000000    0.000130934204    0.000000000001    0.000000000000   -0.003284845868    0.000000000027   -0.000000000000   -0.102430753920    0.000000000036   -0.000000000000    0.000000000000    0.000000000004   -0.000000000000    0.000604497569   -0.000000000000    0.000000000000   -0.000000000062    0.000000000000    0.085483499466   -0.000000000000    0.000000000004   -0.000000000000    0.000000000008   -0.000000000000   -0.001273382477    0.000000000000   -0.000000000034
  -0.000000000000   -0.000000000000   -0.000000000000    0.000000000000    0.000000000000    0.000000000000    0.000000000001    0.000130934227   -0.000000000000    0.000000000027   -0.003284845451   -0.000000000000    0.000000000036   -0.102430753349   -0.000000000000   -0.000000000000    0.000604497627    0.000000000000    0.000000000004   -0.000000000000   -0.000000000000    0.085483498492    0.000000000000   -0.000000000062    0.000000000000   -0.000000000034    0.000000000000   -0.001273382359   -0.000000000000    0.000000000008    0.000000000000   -0.000000000004
   0.000068091472    0.000193951169    0.000352265935   -0.001273940163   -0.072420014491   -0.124964934690   -0.000000000000   -0.000000000000    0.000429067384    0.000000000000   -0.000000000000    0.033537454369    0.000000000000    0.000000000000    0.199637415290   -0.000000000010    0.000000000000   -0.009259191388    0.000000000000    0.000000000075    0.000000000000    0.000000000000   -0.288733423675    0.000000000000   -0.000000000000   -0.000000000000   -0.000000000005   -0.000000000000    0.006881284996   -0.000000000000    0.000000000035   -0.000000000000
   0.000000000000    0.000000000000    0.000000000000   -0.000000000000   -0.000000000000   -0.000000000000   -0.003284845857    0.000000000027   -0.000000000000   -0.013807038285    0.000000000091   -0.000000000000   -0.086361597730    0.000000000117   -0.000000000000   -0.000000000000   -0.000000000071    0.000000000000    0.014584310622   -0.000000000000   -0.000000000000   -0.000000000189    0.000000000000    0.079469827835   -0.000000000000    0.000000000029    0.000000000000    0.000000000022   -0.000000000000   -0.009919687261    0.000000000000   -0.000000000227
   0.000000000000    0.000000000000    0.000000000000   -0.000000000000   -0.000000000000   -0.000000000000    0.000000000027   -0.003284845440    0.000000000000    0.000000000091   -0.013807036865    0.000000000000    0.000000000117   -0.086361595897   -0.000000000000    0.000000000000    0.014584309511   -0.000000000000   -0.000000000071    0.000000000000    0.000000000000    0.079469824870   -0.000000000000   -0.000000000189    0.000000000000   -0.000000000227   -0.000000000000   -0.009919686917    0.000000000000    0.000000000022   -0.000000000000   -0.000000000029
   0.007724115791    0.006654505242   -0.006762282821   -0.027666441396   -0.106152646066   -0.131101848665    0.000000000000   -0.000000000000    0.033537454279    0.000000000000   -0.000000000000    0.090079865266   -0.000000000000   -0.000000000000    0.153868164157    0.000000000561    0.000000000000   -0.056920369964   -0.000000000000   -0.000000004400    0.000000000393   -0.000000000000   -0.190652129446   -0.000000000000   -0.000000003087   -0.000000000000   -0.000000000116   -0.000000000000    0.026794265750   -0.000000000000    0.000000000906   -0.000000000000
   0.000000000000    0.000000000000    0.000000000000    0.000000000000   -0.000000000000   -0.000000000000   -0.102430753963    0.000000000036   -0.000000000000   -0.086361597820    0.000000000117   -0.000000000000   -0.024827875031    0.000000000164    0.000000000000   -0.000000000000   -0.000000000300    0.000000000000    0.047013240973   -0.000000000000    0.000000000000   -0.000000000325    0.000000000000    0.017262075638    0.000000000000    0.000000000042   -0.000000000000    0.000000000030   -0.000000000000   -0.004865204860   -0.000000000000   -0.000000000336
   0.000000000000    0.000000000000    0.000000000000   -0.000000000000   -0.000000000000   -0.000000000000    0.000000000036   -0.102430753392    0.000000000000    0.000000000117   -0.086361595987    0.000000000000    0.000000000164   -0.024827872457   -0.000000000000    0.000000000000    0.047013236262   -0.000000000000   -0.000000000300    0.000000000000    0.000000000000    0.017262070544   -0.000000000000   -0.000000000325   -0.000000000000   -0.000000000343   -0.000000000000   -0.004865204387    0.000000000000    0.000000000030    0.000000000000   -0.000000000044
   2.468738770416    2.041547488632    0.255715609367   -0.266893497250   -0.403705206666   -0.286525717145    0.000000000000    0.000000000000    0.199637415339    0.000000000000    0.000000000000    0.153868164218    0.000000000000    0.000000000000    0.044443832389    0.000000000383   -0.000000000000   -0.013804411720   -0.000000000000   -0.000000003001    0.000000000352   -0.000000000000   -0.060276759149   -0.000000000000   -0.000000002765   -0.000000000000   -0.000000000295    0.000000000000    0.002420045949    0.000000000000    0.000000002316   -0.000000000000
  -0.000000000023   -0.000000000062   -0.000000000105    0.000000000140    0.000000000932    0.000000000819    0.000000000000   -0.000000000000    0.000000000010   -0.000000000000    0.000000000000   -0.000000000561    0.000000000000    0.000000000000   -0.000000000383   -0.000248994723   -0.000000000000    0.000000000104    0.000000000000    0.000000000001   -0.015436379278   -0.000000000000    0.000000000517   -0.000000000000   -0.000000000002    0.000000000000    0.001830073239    0.000000000000   -0.000000000081    0.000000000000    0.000000000000   -0.000000000000
   0.000000000000    0.000000000000    0.000000000000   -0.000000000000   -0.000000000000   -0.000000000000   -0.000000000004   -0.000604497616    0.000000000000    0.000000000071   -0.014584309565    0.000000000000    0.000000000300   -0.047013236348   -0.000000000000    0.000000000000    0.007284783187   -0.000000000000    0.000000000047    0.000000000000   -0.000000000000    0.080804225081    0.000000000000   -0.000000000207    0.000000000000   -0.000000000129    0.000000000000   -0.011342351946   -0.000000000000    0.000000000018    0.000000000000   -0.000000000017
   0.000628153384    0.001189310346   -0.000157814384   -0.010235394741   -0.051687785919   -0.029791198644   -0.000000000000    0.000000000000    0.009259191368    0.000000000000   -0.000000000000    0.056920370059    0.000000000000    0.000000000000    0.013804411998    0.000000000104    0.000000000000   -0.029145944484    0.000000000000   -0.000000000817    0.000000000063   -0.000000000000   -0.087743048950    0.000000000000   -0.000000000492   -0.000000000000   -0.000000000039   -0.000000000000    0.024041592469   -0.000000000000    0.000000000306    0.000000000000
  -0.000000000000   -0.000000000000   -0.000000000000    0.000000000000    0.000000000000    0.000000000000   -0.000604497557   -0.000000000004   -0.000000000000   -0.014584310676    0.000000000071   -0.000000000000   -0.047013241059    0.000000000300    0.000000000000   -0.000000000000    0.000000000047    0.000000000000    0.007284782452   -0.000000000000   -0.000000000000   -0.000000000207    0.000000000000    0.080804228322   -0.000000000000    0.000000000016    0.000000000000    0.000000000018    0.000000000000   -0.011342352222   -0.000000000000   -0.000000000128
   0.000000000177    0.000000000490    0.000000000825   -0.000000001100   -0.000000007309   -0.000000006428   -0.000000000000   -0.000000000000   -0.000000000075   -0.000000000000    0.000000000000    0.000000004400    0.000000000000    0.000000000000    0.000000003001    0.000000000001   -0.000000000000   -0.000000000817    0.000000000000   -0.000248994729   -0.000000000002    0.000000000000   -0.000000004059   -0.000000000000   -0.015436379262   -0.000000000000    0.000000000000    0.000000000000    0.000000000638    0.000000000000    0.001830073236   -0.000000000000
  -0.000000000013   -0.000000000035   -0.000000000056    0.000000000091    0.000000000568    0.000000000518    0.000000000000    0.000000000000   -0.000000000000   -0.000000000000    0.000000000000   -0.000000000393    0.000000000000    0.000000000000   -0.000000000352   -0.015436379257   -0.000000000000    0.000000000063   -0.000000000000   -0.000000000002   -0.005189143221   -0.000000000000    0.000000000344   -0.000000000000   -0.000000000004    0.000000000000    0.007217432370    0.000000000000   -0.000000000038    0.000000000000    0.000000000001   -0.000000000000
   0.000000000000    0.000000000000    0.000000000000    0.000000000000    0.000000000000    0.000000000000    0.000000000062   -0.085483498503   -0.000000000000    0.000000000189   -0.079469824897   -0.000000000000    0.000000000325   -0.017262070413   -0.000000000000    0.000000000000    0.080804225036    0.000000000000   -0.000000000207   -0.000000000000    0.000000000000   -0.015863905301    0.000000000000   -0.000000000341   -0.000000000000   -0.000000000615   -0.000000000000   -0.010665786777   -0.000000000000    0.000000000034    0.000000000000   -0.000000000079
   0.919649735356    0.752657994885    0.031221696332   -0.187223215690   -0.202008017088   -0.140164545402    0.000000000000    0.000000000000    0.288733423808    0.000000000000   -0.000000000000    0.190652129823    0.000000000000   -0.000000000000    0.060276759789    0.000000000517   -0.000000000000   -0.087743048979   -0.000000000000   -0.000000004059    0.000000000344   -0.000000000000    0.026746434716   -0.000000000000   -0.000000002699    0.000000000000   -0.000000000164   -0.000000000000   -0.007651541329   -0.000000000000    0.000000001286   -0.000000000000
   0.000000000000    0.000000000000    0.000000000000    0.000000000000    0.000000000000    0.000000000000   -0.085483499478    0.000000000062   -0.000000000000   -0.079469827862    0.000000000189   -0.000000000000   -0.017262075507    0.000000000325   -0.000000000000   -0.000000000000   -0.000000000207    0.000000000000    0.080804228277    0.000000000000    0.000000000000   -0.000000000341    0.000000000000   -0.015863899957    0.000000000000    0.000000000077   -0.000000000000    0.000000000034    0.000000000000   -0.010665787312   -0.000000000000   -0.000000000610
   0.000000000099    0.000000000275    0.000000000442   -0.000000000713   -0.000000004456   -0.000000004068   -0.000000000000    0.000000000000    0.000000000000   -0.000000000000    0.000000000000    0.000000003087    0.000000000000   -0.000000000000    0.000000002765   -0.000000000002   -0.000000000000   -0.000000000492    0.000000000000   -0.015436379241   -0.000000000004    0.000000000000   -0.000000002699   -0.000000000000   -0.005189143188   -0.000000000000    0.000000000001    0.000000000000    0.000000000295    0.000000000000    0.007217432365   -0.000000000000
   0.000000000000    0.000000000000    0.000000000000   -0.000000000000   -0.000000000000   -0.000000000000    0.000000000004   -0.000000000034    0.000000000000    0.000000000029   -0.000000000227   -0.000000000000    0.000000000042   -0.000000000343    0.000000000000   -0.000000000000    0.000000000129    0.000000000000   -0.000000000016   -0.000000000000   -0.000000000000    0.000000000615   -0.000000000000   -0.000000000077   -0.000000000000   -0.000126415262    0.000000000000   -0.000000000082    0.000000000000    0.000000000010    0.000000000000   -0.000000000000
  -0.000000000003   -0.000000000009   -0.000000000016    0.000000000024    0.000000000177    0.000000000249   -0.000000000000   -0.000000000000   -0.000000000005   -0.000000000000    0.000000000000   -0.000000000116    0.000000000000    0.000000000000   -0.000000000295   -0.001830073232   -0.000000000000    0.000000000039   -0.000000000000   -0.000000000000   -0.007217432345   -0.000000000000    0.000000000164   -0.000000000000   -0.000000000001    0.000000000000    0.002151800960    0.000000000000   -0.000000000020    0.000000000000    0.000000000000    0.000000000000
  -0.000000000000    0.000000000000    0.000000000000   -0.000000000000    0.000000000000    0.000000000000    0.000000000008   -0.001273382353    0.000000000000    0.000000000022   -0.009919686908    0.000000000000    0.000000000030   -0.004865204400   -0.000000000000    0.000000000000    0.011342351915   -0.000000000000   -0.000000000018    0.000000000000    0.000000000000    0.010665786693    0.000000000000   -0.000000000034    0.000000000000   -0.000000000082    0.000000000000   -0.011950990721   -0.000000000000    0.000000000005   -0.000000000000   -0.000000000010
   0.000099007007    0.000250851237   -0.000406376613   -0.005958165660   -0.010910389085   -0.005685867629   -0.000000000000   -0.000000000000    0.006881284976   -0.000000000000   -0.000000000000    0.026794265708   -0.000000000000    0.000000000000    0.002420046023    0.000000000081    0.000000000000   -0.024041592424    0.000000000000   -0.000000000638    0.000000000038   -0.000000000000    0.007651541358    0.000000000000   -0.000000000295    0.000000000000   -0.000000000020   -0.000000000000    0.023898407163   -0.000000000000    0.000000000160    0.000000000000
  -0.000000000000   -0.000000000000   -0.000000000000    0.000000000000    0.000000000000    0.000000000000   -0.001273382470    0.000000000008   -0.000000000000   -0.009919687252    0.000000000022   -0.000000000000   -0.004865204873    0.000000000030   -0.000000000000   -0.000000000000   -0.000000000018    0.000000000000    0.011342352191   -0.000000000000   -0.000000000000   -0.000000000034    0.000000000000    0.010665787228   -0.000000000000    0.000000000010    0.000000000000    0.000000000005   -0.000000000000   -0.011950990805    0.000000000000   -0.000000000081
   0.000000000027    0.000000000075    0.000000000125   -0.000000000190   -0.000000001392   -0.000000001955    0.000000000000   -0.000000000000    0.000000000035    0.000000000000    0.000000000000    0.000000000906    0.000000000000   -0.000000000000    0.000000002316   -0.000000000000   -0.000000000000   -0.000000000306   -0.000000000000   -0.001830073229   -0.000000000001    0.000000000000   -0.000000001286   -0.000000000000   -0.007217432340   -0.000000000000    0.000000000000    0.000000000000    0.000000000160    0.000000000000    0.002151800960   -0.000000000000
   0.000000000000    0.000000000000    0.000000000000   -0.000000000000   -0.000000000000   -0.000000000000   -0.000000000034   -0.000000000004    0.000000000000   -0.000000000227   -0.000000000029    0.000000000000   -0.000000000336   -0.000000000044    0.000000000000    0.000000000000    0.000000000017   -0.000000000000    0.000000000128   -0.000000000000    0.000000000000    0.000000000079   -0.000000000000    0.000000000610    0.000000000000    0.000000000000   -0.000000000000   -0.000000000010   -0.000000000000   -0.000000000081   -0.000000000000   -0.000126415262
